19830101
0.0
0.0
0.0
0.0
0.0
0.0
0.0
0.0
0.0
0.0
0.0
0.0
0.0
0.0
0.0
0.0
0.0
0.0
0.0
0.0
0.0
0.0
0.0
0.0
0.0
0.00033537641866132617
0.00033537641866132617
0.00033537641866132617
0.00033537641866132617
0.00033537641866132617
0.00033537641866132617
0.0
0.0
0.0
0.0
0.0
0.0
0.0
0.0
0.0
0.0
0.0
0.0
0.0
0.0
0.0
0.0
0.0
0.0
0.0
0.0
0.0
0.0
0.0
0.0
0.0
0.0
0.0
0.0
0.0
0.0
0.0
0.0
0.0
0.0
0.0
0.0
0.0
0.0
0.0
0.0
0.0
0.0
0.0
0.0
0.0
0.0
0.0
0.0
0.0
0.0
0.0
0.0
0.0
0.0
0.0
0.0
0.0
0.0
0.0
0.0
0.0
0.0
0.0
0.0
0.0
0.0
0.0
0.0
0.0
0.0
0.0
0.0
0.0
0.0
0.0
0.0
0.0
0.0
0.0
0.0
0.0
0.0
0.0
0.0
0.0
0.0
0.0
0.0
0.0
0.0
0.0
0.0
0.0
0.0
0.0
0.0
0.0
0.0
0.0
0.0
0.0
0.0
0.0
0.0
0.0
0.0
0.0
0.0
0.0
0.0
0.0
0.0
0.0
0.0
0.0
0.0
0.0
0.0
0.0
0.0
0.0
0.0
0.0
1.9801503419876099
0.0
0.9511904716491699
0.0
0.0
0.0
0.0
0.0
0.0
0.0
0.0
0.0
0.0
0.0
0.0
2.7875256538391113
2.0457704067230225
0.0
0.0
0.0
0.0
0.0
0.0
3.6850173473358154
0.0
1.1509976387023926
0.0
0.0
0.0
0.0
0.0
1.2085862159729004
0.0
0.0
0.0
0.0
1.3038729429244995
0.0
0.0
0.0
0.0
0.0
20.3339900970459
0.0
0.0
0.0
0.0
0.0
0.0
2.831915855407715
0.6784573197364807
0.0
0.0
0.0
2.4141290187835693
0.0
0.0
0.0
0.4521186947822571
3.542860507965088
0.0
0.0
0.0
4.352777481079102
0.0
0.0
0.0
0.0
0.0
0.0
2.5522944927215576
7.243580341339111
1.2809675931930542
0.0
3.277412176132202
0.0
0.0
0.0
0.0
0.0
0.0
0.22946296632289886
0.6530957818031311
0.6987367868423462
0.0
0.0
0.0
0.08628573268651962
0.2138954997062683
3.616793155670166
0.0
0.0
0.0
1.0160391330718994
1.8694391250610352
0.2313782125711441
0.7502766251564026
0.0
0.0
0.0
0.7464181780815125
0.0
1.6712450981140137
0.4055231213569641
0.0
0.0
0.0
0.0
0.0
0.0
0.0
0.6297079920768738
0.0
0.0
0.0
0.0
0.0
0.0
0.0
0.0
2.1167211532592773
0.0
0.0
0.0
0.0
0.0
0.0
0.0
0.0
0.0
0.0
0.0
0.0
0.0
0.0
0.0
0.0
0.0
0.0
0.0
0.0
0.0
0.10788652300834656
0.15530605614185333
0.0
0.0
0.0
0.0
0.0
0.0
0.0
0.0
0.0
0.0
0.0
0.0
0.0
0.0
0.0
0.0
0.0
0.0
0.0
0.0
0.0
0.0
0.0
0.0
0.0
0.0
0.0
0.0
0.0
0.0
0.0
0.0
0.0
0.0
0.0
0.0
0.0
0.0
0.0
0.0
0.0
0.0
0.0
0.0
0.0
0.0
0.0
0.0
0.0
0.0
0.0
0.0
0.0
0.0
0.0
0.0
0.0
0.0
0.0
0.0
0.0
0.0
0.0
0.0
0.0
0.0
0.0
0.0
0.0
0.0
0.0
0.0
0.0
0.0
0.0
0.0
0.0
0.0
0.0
0.0
0.0
0.0
0.0
0.0
0.0
0.0
0.0
0.0
0.0
0.0
0.0
0.0
0.0
0.0
0.0
0.0
0.0
0.0
0.0
0.0
0.0
0.0
0.0
0.0
0.0
0.0
0.0
0.0
0.0
0.0
0.0
0.0
0.0
0.0
0.0
0.0
0.0
0.0
0.0
0.0
0.0
0.0
0.0
0.0
0.0
0.0
0.0
0.0
0.0
0.0
0.0
0.0
0.0
0.0
0.0
0.0
0.0
0.0
0.0
0.0
0.0
0.0
0.0
0.0
0.0
0.0
0.0
0.0
0.0
0.0
0.0
0.0
0.0
0.0
0.0
0.0
0.0
0.0
0.0
0.0
0.0
0.0
0.0
0.0
0.0
0.0
0.0
0.0
0.0
0.0
0.0
0.0
0.0
0.0
0.0
0.0
0.0
0.0
0.0
0.0
0.0
0.0
0.0
0.0
0.0
0.0
0.0
0.0
0.0
0.0
0.0
0.0
0.0
0.0
0.0
0.0
0.0
0.0
0.0
0.0
0.0
0.0
0.0
0.0
0.0
0.0
0.0
0.0
0.0
0.0
0.0
0.0
0.0
0.0
0.9897202253341675
0.0
0.0
0.0
0.0
0.0
0.0
0.0
0.0
0.0
0.0
0.0
0.0
0.0
0.0
0.0
0.0
0.0
0.0
0.0
0.0
0.0
0.0
0.0
0.0
0.0
0.0
0.0
0.0
0.0
0.0
0.0
0.0
0.0
3.338404655456543
0.0
0.0
0.0
0.0
0.0
0.0
0.0
1.638769507408142
0.0
0.0
0.0
0.0
0.0
0.0
0.0
0.0
0.0
0.0
0.0
0.0
0.0
0.0
11.936301231384277
0.7844268679618835
0.0
0.0
0.0
0.0
0.0
0.0
0.0
0.0
0.0
1.8357373476028442
0.0
0.0
0.46507227420806885
0.0
0.0
0.0
0.0
0.0
0.0
0.0
3.138046979904175
0.0
0.0
0.0
0.0
3.187213659286499
0.0
0.0
0.0
0.0
0.0
0.0
0.0
0.0
0.0
0.0
8.375044822692871
2.3948826789855957
0.0
0.0
0.633449137210846
1.9806606769561768
0.0
0.5130323171615601
0.0
0.0
0.0
0.47982028126716614
0.0
0.0
1.3135169744491577
0.0
1.0798693895339966
0.3055223226547241
0.0
1.7832651138305664
1.7318339347839355
0.0
0.0
0.0
0.0
0.0
0.0
0.0
0.0
0.0
0.0
0.0
0.0
0.0
0.0
0.0
0.0
0.0
0.0
0.0
0.0
0.0
0.0
0.0
0.0
0.0
0.0
0.0
0.0
0.0
0.0
0.0
0.0
0.0
0.0
0.10306910425424576
0.10306910425424576
0.0
0.0
0.0
0.0
0.0
0.0
0.0
0.0
0.0
0.0
0.0
0.0
0.0
0.0
0.0
0.0
0.0
0.0
0.0
0.0
0.0
0.0
0.0
0.0
0.0
0.0
0.0
0.0
0.0
0.0
0.0
0.0
0.0
0.0
0.0
0.0
0.0
0.0
0.0
0.0
0.0014410428702831268
0.0
0.0
0.0
0.0
0.0
0.0
0.0
0.0
0.0
0.0
0.0
0.0
0.0
0.0
0.0
0.0
0.0
0.0
0.0
0.0
0.0
0.0
0.0
0.0
0.0
0.0
0.0
0.0
0.0
0.0
0.0
0.0
0.0
0.0
0.0
0.0
0.0
0.0
0.0
0.0
0.0
0.0
0.0
0.0
0.0
0.0
0.0
0.0
0.0
0.0
0.0
0.0
0.0
0.0
0.0
0.0
0.0
0.0
0.0
0.0
0.0
0.0
0.0
0.0
0.0
0.0
0.0
0.0
0.0
0.0
0.0
0.0
0.0
0.0
0.0
0.0
0.0
0.0
0.0
0.0
0.0
0.0
0.0
0.0
0.0
0.0
0.0
0.0
0.0
0.0
0.0
0.0
0.0
0.0
0.0
0.0
0.0
0.0
0.0
0.0
0.0
0.0
0.0
0.0
0.0
0.0
0.0
0.0
0.0
0.0
0.0
0.0
0.0
0.0
0.0
0.0
0.0
0.0
0.0
0.0
0.0
0.0
0.0
0.0
0.0
0.0
0.0
0.0
0.0
0.0
0.0
0.0
0.0
0.0
0.0
0.0
0.0
0.0
0.15458709001541138
0.0
0.0
0.0
0.0
0.0
0.0
0.0
0.0
0.0
0.0
0.0
0.0
0.0
0.0
0.0
0.0
0.0
0.0
0.0
0.0
0.0
0.0
0.0
0.0
0.0
0.0
0.0
0.0
0.0
0.0
2.2251105308532715
0.050618499517440796
0.0
0.0
0.0
0.0
0.0
0.0
0.0
0.0
0.0
0.0
0.0
0.0
0.0
0.0
0.0
3.853059768676758
3.3488008975982666
0.0
0.0
0.0
0.0
0.0
0.0
0.0
0.0
0.0
0.0
1.903210163116455
0.0
0.0
0.0
0.0
0.0
0.0
0.0
0.0
0.0
3.104793071746826
2.980944871902466
0.0
0.0
0.0
0.0
14.768765449523926
8.02308464050293
0.0
3.9237489700317383
0.0
0.0
5.055526256561279
2.8549282550811768
6.226747512817383
0.0
0.0
0.0
0.0
0.0
0.0
0.2615933120250702
0.0
1.178079605102539
0.0
0.0
1.5175503492355347
0.0
0.0
0.0
0.5603654980659485
0.0
0.0
0.0
0.28606608510017395
3.574943780899048
0.0
0.0
0.0
0.0
0.7276599407196045
0.0
0.0
0.0
0.0
0.0
0.0
0.0
0.0
0.0
0.0
0.0
0.0
0.0
0.0
1.630670428276062
10.915419578552246
0.0
4.032852649688721
5.9783854484558105
4.461611270904541
0.43433839082717896
0.1579699069261551
0.9635964035987854
0.0
0.6236733794212341
0.0
5.889358043670654
0.0
0.0
0.0
0.0
2.8986170291900635
0.0
0.1337922215461731
0.0
0.0
1.4095016717910767
0.0
0.0
0.0
0.021252106875181198
2.1595816612243652
2.4570913314819336
0.0
0.0
0.0
0.0
0.0
0.0
0.0
0.09752024710178375
0.0
0.0
0.0
0.0
0.0
0.0
0.0
0.11056701838970184
0.11056701838970184
0.10814361274242401
0.0
0.0
0.0
0.0
0.0
0.7172685861587524
0.0
0.0
0.0
0.0
0.0
0.0
0.10974107682704926
0.10974107682704926
0.0
0.0
0.0
0.0
0.0
0.0
0.0
0.0
0.0
0.0
0.0
0.0
0.0
0.0
0.0
0.0
0.0
0.0
0.0
0.0
0.0
0.0
0.0
0.0
0.0
0.0
0.0
0.0
0.0
0.0
0.0
0.0
0.0
0.0
0.0
0.0
0.0
0.0
0.0
0.0
0.0
0.0006952941184863448
0.00023336076992563903
0.0
0.0
0.0
0.0
0.0
0.0
0.0
0.0
0.0
0.0
0.0
0.0
0.0
0.0
0.0
0.0
0.0
0.0
0.0
0.0
0.0
0.0
0.0
0.0
0.0
0.0
0.0
0.0
0.0
0.0
0.0
0.0
0.0
0.0
0.0
0.0
0.0
0.0
0.0
0.0
0.0
0.0
0.0
0.0
0.0
0.0
0.0
0.0
0.0
0.0
0.0
0.0
0.0009580887272022665
0.0
0.0
0.0
0.0
0.0
0.0
0.0
0.0
0.0
0.0
0.0
0.0
0.0
0.0
0.0
0.0
0.0
0.0
0.0
0.0
0.0
0.0
0.0
0.0
0.0
0.0
0.0
0.0
0.0
0.0
0.0
0.0
0.0
0.0
0.0
0.0
0.0
0.0
0.0
0.0
0.0
0.0
0.0
0.0
0.0
0.0
0.0
0.0
0.0
0.0
0.0
0.0
0.0
0.0
0.0
0.0
0.0
0.0
0.0
0.0
0.0
0.0
0.0
0.0
0.0
0.0
0.0
0.0
0.0
0.0
0.0
0.0
0.0
0.0
0.0
0.0
0.0
0.0
0.0
0.0
0.0
0.0
0.0
0.0
0.0
0.0
0.0
0.0
0.0
0.0
0.0
0.0
0.0
0.0
0.0
0.0
0.0
0.0
0.0
0.0
0.0
0.0
0.0
0.0
0.0
0.0
0.0
0.0
0.0
0.0
0.0
0.0
0.0
0.0
0.0
0.0
0.0
0.0
0.12557438015937805
0.0
0.0
0.0
0.0
0.0
0.0
0.0
0.0
0.0
0.0
0.0
0.0
0.0
0.0
0.0
0.0
0.0
0.0
0.0
0.0
0.0
0.0
0.0
0.0
0.0
0.0
0.0
0.0
0.0
1.474923849105835
7.003228187561035
0.0
0.0
5.790951728820801
0.0
0.0
6.0949482917785645
0.0
0.0
0.0
0.0
0.0
0.0
0.0
0.0
1.3756952285766602
0.0
0.0
0.0
0.0
17.728870391845703
0.0
0.0
0.0
0.0
4.883540153503418
8.555121421813965
0.0
0.0
0.0
0.0
17.395139694213867
2.496081590652466
0.0
4.077370643615723
0.0
0.0
18.08732032775879
0.0
0.0
0.0
8.54311752319336
6.184330463409424
0.0
0.0
0.0
0.8004333972930908
0.5316630601882935
0.0
0.0
0.0
0.0
1.1861867904663086
0.0
1.638695478439331
0.0
0.0
8.448657989501953
0.0
5.469144344329834
0.0
0.0
3.595503568649292
0.0
0.6219231486320496
0.0
4.65574836730957
2.0859932899475098
1.82088041305542
0.165410578250885
2.0672202110290527
0.0
0.0
0.0
0.0
0.0
0.0
0.0
0.0
0.0
4.384730815887451
0.7127004861831665
0.0
1.0237447023391724
0.0
0.0
5.448132514953613
0.0
0.0
0.0
0.0
0.0
3.099000930786133
0.0
0.0
6.761215686798096
0.369848370552063
0.852263331413269
0.0
0.0
0.0
0.0
0.0
0.0
0.0
0.0
0.0
0.0
0.0
0.0
0.0
0.0
0.0
0.0
0.0
0.0
0.0
0.0
0.0
0.0
0.0
0.0
0.0
0.0
0.0
0.0
0.0
0.0
0.0
0.0
0.0
0.0
0.0
0.0
0.0
0.0
0.0
0.0
0.0
0.0
0.0
0.0
0.0
0.0
0.0
0.0
0.0
0.0
0.0
0.0
0.0
0.0
0.0
0.0
0.0
0.0
0.0
0.0
0.0
0.0
0.0
0.0
0.0
0.0
0.0
0.0
0.0
0.0
0.0
0.0
0.0
0.0
0.0
0.0
0.0
0.0
0.0
0.0
0.0
0.0
0.0
0.0
0.0
0.0
0.0
0.0
0.0
0.0
0.0
0.0
0.0
0.0
0.0
0.0
0.0
0.0
0.0
0.0
0.0
0.0
0.0
0.0
0.0
0.0
0.0
0.0
0.0
0.0
0.0
0.0
0.0005678098532371223
0.0
0.0
0.0
0.0
0.0
0.0
0.0
0.0
0.0
0.0
0.0
0.0
0.0
0.0
0.0
0.0
0.0
0.0
0.0
0.0
0.0
0.0
0.0
0.0
0.0
0.0
0.0
0.0
0.0
0.0
0.0
0.0
0.0
0.0
0.008318748325109482
0.0
0.0
0.0
0.0
0.0
0.0
0.0
0.0
0.0
0.0
0.0
0.0
0.0
0.0
0.0
0.0
0.0
0.0
0.0
0.0
0.0
0.0
0.0
0.0
0.0
0.0
0.0
0.0
0.0
0.0
0.0
0.0
0.0
0.0
0.0
0.0
0.0
0.0
0.0
0.0
0.0
0.0
0.0
0.0
0.0
0.0
0.0
0.0
0.0
0.0
0.0
0.0
0.0
0.0
0.0
0.0
0.0
0.0
0.0
0.0
0.0
0.0
0.0
0.0
0.048038139939308167
0.0
0.1519416868686676
0.0
0.0
0.0
0.0
0.0
0.0
0.0
0.0708465576171875
0.0
0.0
0.0
0.0
0.0
0.0
0.0
0.0
0.0
0.0
0.0
0.0
0.0
1.6556662321090698
0.0
1.5679491758346558
0.0
3.4262402057647705
0.0
0.0
0.0
0.0
0.0
0.0
0.0
0.0
0.0
0.0
0.0
0.0
0.0
0.0
0.0
0.0
0.0
0.0
0.0
0.0
0.0
0.0
0.0
0.0
0.0
0.0
0.0
0.0
0.0
0.4540935456752777
0.0
0.524327278137207
0.09460697323083878
0.0
0.0
0.0
0.0
0.0
5.4487152099609375
0.0
0.4844309985637665
2.2257187366485596
0.0
0.0
0.0
0.13773609697818756
0.0
0.0
0.0
1.9799809455871582
2.6680707931518555
0.0
0.0
0.0
0.0
0.0
0.0
0.0
4.355925559997559
16.349184036254883
0.0
0.0
0.0
0.5578040480613708
0.0
0.0
0.0
3.393831253051758
3.753990411758423
0.21610741317272186
16.823131561279297
0.0
0.0
6.795332431793213
17.851926803588867
0.0
0.0
6.250637054443359
0.0
0.0
9.878360748291016
0.0
0.0
0.5787012577056885
1.1982795000076294
0.0
0.0
7.085352897644043
0.0
0.0
14.909320831298828
0.0
0.0
1.273648738861084
0.0
0.16960342228412628
0.0
0.0
0.0
0.7587335109710693
1.4395352602005005
1.9167522192001343
0.0
0.0
0.0
0.0
0.0
3.7457451820373535
0.0
0.0
0.0
0.0
0.0
0.0
0.0
0.0
0.0
0.0
0.0
0.37302103638648987
0.0
0.0
0.0
2.37442684173584
0.0
0.0
0.0
0.8447154760360718
0.0
0.0
0.0
0.0
0.0
0.0
1.2791725397109985
0.0
0.0
0.0
0.0
0.0
0.0
0.0
0.0
0.0
0.0
0.0
0.0
0.0
0.0
0.0
0.0
0.0
0.0
0.0
0.0
0.0
0.0
0.0
0.0
0.0
0.0
0.0
0.0
0.0
0.0
0.0
0.0
0.0
0.0
0.0
0.0
0.0
0.0
0.0
0.0
0.0
0.0
0.0
0.0
0.0
0.0
0.0
0.0
0.0
0.0
0.0
0.0
0.0
0.0
0.0
0.0
0.0
0.0
0.0
0.0
0.0
0.0
0.0
0.0
0.0
0.0
0.0
0.0
0.0
0.0
0.0
0.0
0.0
0.0
0.0
0.0
0.0
0.0
0.0
0.0
0.0
0.0
0.0
0.0
0.0
0.0
0.0
0.0
0.0
0.0
0.0
0.0
0.0
0.0
0.0
0.0
0.0
0.0
0.0
0.0
0.0
0.0
0.0
0.0
0.0
0.0
0.0
0.0
0.0
0.0
0.0
0.0
0.0
0.0
0.0
0.0
0.0
0.0
0.0
0.0
0.0
0.0
0.0
0.0
0.0
0.0
0.0
0.0
0.0
0.0
0.0
0.0
0.0
0.0
0.0
0.0
0.0
0.0
0.0
0.0
0.0
0.0
0.0
0.0
0.0
0.0
0.0
0.0
0.0
0.0
0.0
0.0
0.0
0.0
0.0
0.0
0.0
0.0
0.0
0.0
0.0
0.0
0.0
0.0
0.0
0.0
0.0
0.0
0.0
0.0
0.0
0.0
0.0
0.0
0.0
0.0
0.0
0.0
0.0
0.0
0.0
0.0
0.0
0.0
0.0
0.0
0.0
0.0
0.0
0.0
0.0
0.0
0.0
0.0
0.0
0.0
0.0
0.0
0.0
0.0
0.0
0.0
0.0
0.0
0.0
0.0
0.0
0.0
0.0
0.0
0.0
0.0
0.0
0.0
0.0
0.0
0.0
0.0
0.0
0.0
0.0
0.0
0.0
0.0
0.0
0.0
0.0
0.0
0.0
0.0
0.0
0.0
0.0
0.0
0.0
0.0
0.0
0.0
0.0
0.0
0.0
0.0
0.0
0.0
0.0
0.0
0.0
0.0
3.933457612991333
0.0
0.0
0.0
0.1439579427242279
0.0
0.0
0.3320094645023346
0.512443482875824
1.1036254167556763
0.0
0.0
0.0
0.7790300250053406
0.0
0.30653640627861023
0.0
5.980121612548828
0.0
4.074858665466309
11.67315673828125
0.0
0.0
10.936911582946777
0.0
0.5470550656318665
0.0
4.223484992980957
1.1775343418121338
0.6506595015525818
2.3334615230560303
0.0
3.7262680530548096
0.0
0.0
0.0
0.6354550123214722
0.4322879910469055
2.440732479095459
3.0807387828826904
0.4621896743774414
0.2701503038406372
1.2328743934631348
0.0
2.8023674488067627
0.0
8.933277130126953
10.235599517822266
0.0
0.0
7.453384876251221
0.0
4.038132190704346
3.790661573410034
5.031662940979004
4.924798965454102
0.0
0.573089063167572
3.5735790729522705
0.848339855670929
0.0
0.15330857038497925
0.19293014705181122
0.0
1.6503376960754395
0.0
1.4082391262054443
1.609979510307312
0.0
3.906028985977173
14.12927532196045
6.810307025909424
11.18549919128418
0.0
1.2664002180099487
1.2633743286132812
3.650458574295044
0.0
0.0
3.530258893966675
0.0
0.0
8.080456733703613
0.0
1.1138865947723389
10.481226921081543
0.7501580119132996
0.0
0.0
0.0
0.0
0.3784036934375763
0.0
0.0
0.0
0.0
2.2519006729125977
3.5294222831726074
0.0
1.503800630569458
1.5504884719848633
0.0
0.0
0.0
0.0
0.0
0.0
0.0
0.0
0.0
0.0
0.0
0.0
0.0
0.0
0.0
0.0
0.1018819585442543
0.1018819585442543
0.0
0.0
0.0
0.0
0.0
0.0
0.0
0.0
0.0
0.0
0.0
0.0
0.0
0.0
0.0
0.0
0.0
0.0
0.0
0.0
0.0
0.0
0.0
0.0
0.0
0.0
0.0
0.0
0.0
0.0
0.0
0.0
0.0
0.0
0.0
0.0
0.0
0.0
0.0
0.0
0.0
0.0
0.0
0.0
0.0
0.0
0.0
0.0
0.0
0.0
0.0
0.0
0.0
0.0
0.0
0.0
0.0
0.0
0.0
0.0
0.0
0.0
0.0
0.0
0.0
0.0
0.0
0.0
0.0
0.0
0.0
0.0
0.0
0.0
0.0
0.0
0.0
0.0
0.0
0.0
0.0
0.0
0.0
0.0
0.0
0.0
0.0
0.0
0.0
0.0
0.0
0.0
0.0
0.0
0.0
0.0
0.0
0.0
0.0
0.0
0.0
0.0
0.0
0.0
0.0
0.0
0.0
0.0
0.0
0.0
0.0
0.0
0.0
0.0
0.0
0.0
0.0
0.0
0.0
0.0
0.0
0.0
0.0
0.0
0.0
0.0
0.0
0.0
0.0
0.0
0.0
0.0
0.0
0.0
0.0
0.011385135352611542
0.0
0.0
0.0
0.0
0.0
0.0
0.0
0.0
0.0
0.0
0.0
0.0
0.0
0.0
0.0
0.0
0.0
0.0
0.0
0.0
0.0
0.0
0.0
0.0
0.0
0.017155487090349197
0.0
0.0
0.0
0.0
0.0
0.0
0.0
0.0
0.0
0.0
0.0
0.0
0.0
0.0
0.0
0.0
0.0
0.0
0.0
0.0
0.0
0.0
0.0
0.0
0.0
0.0
0.0
0.0
0.0
0.0
0.0
0.0
0.0
0.0
0.0
0.0
0.0
0.0
0.0
0.0
0.4084850251674652
0.29948171973228455
0.0
0.0
0.0
0.0
0.0
0.0
0.0
0.0
0.0
0.0
0.0
0.0
0.0
0.0
0.0
0.0
0.0
0.0
0.0
0.0
0.0
0.3241002559661865
0.0
0.0
0.0
0.0
0.0
0.0
0.0
0.0
0.0
0.0
0.0
1.1586610078811646
0.0
0.0
0.0
0.0
0.0
0.0
0.0
0.0
1.8464500904083252
0.0
0.0
1.2020527124404907
0.0
0.3070268929004669
0.0
0.0
1.2766462564468384
0.0
0.0
0.0
0.0
0.3615008592605591
0.0
0.0
0.0
0.0
0.0
0.0
8.24410629272461
5.405288219451904
0.0
0.0
9.300521850585938
16.332489013671875
0.0
0.0
2.2264699935913086
0.0
0.0
0.0
0.0
0.0
0.0
0.0
0.0
0.0
0.0
0.0
0.0
10.710166931152344
0.0
0.0
0.8449939489364624
6.987227916717529
0.0
0.0
11.244412422180176
6.138599872589111
0.0
0.0
5.172458648681641
0.0
0.0
0.0
0.0
0.0
5.473971366882324
12.330405235290527
0.0
0.0
7.1239471435546875
0.0
0.0
0.0
9.094324111938477
11.660240173339844
0.0
0.0
6.779066562652588
0.0
0.0
4.259304046630859
1.5549731254577637
0.0
1.7120635509490967
0.92983078956604
0.16865558922290802
1.7313575744628906
0.0
3.3740592002868652
0.0
0.0
3.7634570598602295
0.14152491092681885
0.0
0.0
0.2085360884666443
0.0
0.0
0.10012929886579514
0.0
4.802020072937012
0.0
0.0
0.0
1.1866248846054077
0.8486968278884888
0.0
3.4463651180267334
0.0
0.4282720983028412
0.0
2.159337043762207
0.7129718661308289
0.0
0.0
0.0
0.0
0.0
0.0
0.0
0.0
0.0
0.0
0.0
0.0
0.0
0.0
0.0
0.0
0.0
0.0
0.0
0.0
0.0
0.0
0.05902349576354027
0.0
0.0
0.0
0.0
0.0
0.0
0.027417968958616257
0.027417968958616257
0.2204383909702301
0.027417968958616257
0.027417968958616257
0.0
0.0
0.0
0.0
0.0
0.0
0.0
0.0
0.0
0.0
0.0
0.0
0.0
0.0
0.0
0.0
0.0
0.0
0.0
0.0
0.0
0.0
0.0
0.0
0.0
0.0
0.0
0.0
0.0
0.0
0.0
0.0
0.0
0.0
0.0
0.0
0.0
0.0
0.0
0.0
0.0
0.0
0.0
0.0
0.0
0.0
0.0
0.0
0.0
0.0
0.0
0.0
0.0
0.0
0.0
0.0
0.0
0.0
0.0
0.0
0.0
0.0
0.0
0.0
0.0
0.0
0.0
0.0
0.0
0.0
0.0
0.0
0.0
0.0
0.0
0.0
0.0
0.0
0.0
0.0
0.0
0.0
0.00033527053892612457
0.0
0.0
0.0
0.0
0.0
0.0
0.0
0.0
0.0
0.0
0.0
0.0
0.0
0.0
0.0
0.0
0.0
0.0
0.0
0.0
0.0
0.0
0.0
0.0
0.0
0.0
0.0
0.0
0.0
0.0
0.0
0.0
0.0
0.0
0.0
0.0
0.0
0.0
0.0
0.0
0.0
0.0
0.0
0.0
0.0
0.0
0.0
0.0
0.0
0.0
0.0
0.0
0.0
0.0
0.0
0.018775925040245056
0.0
0.0
0.0
0.0
0.0
0.0
0.0
0.0
0.0
0.0
0.0
0.0
0.0
0.0
0.0
0.0
0.0
0.0
0.0
0.0
0.0
0.0
0.0
0.0
0.0
0.0
0.0
0.0
0.0
0.0
0.0
0.0
0.0
0.0
0.0
0.0
0.0
0.0
0.0
0.0
0.0
0.0
0.0
0.0
0.0
0.0
0.0
0.0
0.0
0.0
0.0
0.0
0.0
0.0
0.0
0.0
0.0
0.0
0.0
0.0
0.0
0.0
0.0
0.0
0.0
0.0
0.0
0.0
0.0
0.0
0.0
0.0
0.0
0.0
0.0
0.0
0.0
0.0
0.0
0.0
0.0
0.0
0.0
0.0
0.0
0.0
0.0
0.0
0.0
0.0
0.0
0.0
0.0
0.0
0.0
0.0
0.0
0.0
0.0
0.0
0.0
0.0
0.0
0.0
0.0
0.0
0.0
22.157197952270508
11.868075370788574
4.121732711791992
0.0
0.0
0.0
7.413425922393799
3.341700792312622
0.0
0.0
0.0
3.434891939163208
2.6546895503997803
0.0
0.0
0.2024163007736206
0.0
0.0
14.197856903076172
11.237954139709473
0.0
0.0
0.0
0.0
0.0
0.0
0.0
0.0
0.0
0.0
0.0
0.0
0.0
0.0
0.0
0.0
0.0
0.0
0.0
0.0
0.0
0.0
0.0
0.0
0.0
0.0
0.0
0.0
0.0
0.0
0.0
0.0
3.599818706512451
1.3872523307800293
0.19965843856334686
0.0
0.0
0.0
0.0
0.0
0.0
0.3131644129753113
2.230118989944458
3.599853515625
0.0
0.0
0.0
0.0
0.0
0.0
0.0
0.0
0.0
0.0
0.0
0.0
0.0
0.0
0.7342506647109985
2.848921775817871
0.0
0.0
0.0
0.0
0.0
0.0
0.0
0.0
0.0
0.0
0.0
0.845896303653717
0.0
0.0
0.0
0.0
0.0
0.0
0.0
0.0
0.0
0.0
0.0
0.0
0.0
0.4530101418495178
0.0
0.0
0.0
0.0
0.0
0.0
0.0
0.0
0.0
0.0
0.0
0.0
0.0
0.0
0.0
0.0
0.0
0.0
0.0
0.0
0.0
0.0
0.0
0.0
0.0
0.0
0.0
0.0
0.0
0.0
0.0
0.0
0.0
0.0
0.0
0.0
0.0
0.0
0.0
0.0
0.0
0.0
0.0
0.0
0.0
0.0
0.0
0.0
0.0
0.0
0.0
0.0
0.0
0.0
0.0
0.0
0.0
0.0
0.0
0.0
0.0
0.0
0.0
0.0
0.0
0.0
0.0
0.0
0.0
0.0
0.0
0.0
0.0
0.0
0.0
0.0
0.0
0.0
0.0
0.0
0.0
0.0
0.0
0.0
0.0
0.0
0.0
0.0
0.0
0.0
0.0
0.0
0.0
0.0
0.0
0.0
0.0
0.0
0.0
0.0
0.0
0.0
0.0
0.0
0.0
0.0
0.0
0.0
0.0
0.0
0.0
0.0
0.0
0.0
0.0
0.0
0.0
0.0
0.0
0.0
0.0
0.0
0.0
0.0
0.0
0.0
0.0
0.0
0.0
0.0
0.0
0.0
0.0
0.0
0.0
0.0
0.0
0.0
0.0
0.0
0.0
0.0
0.0
0.0
0.0
0.0
0.0
0.0
0.0
0.0
0.0
0.0
0.0
0.0
0.0
0.0
0.0
0.0
0.0
0.0
0.0
0.0
0.0
0.16594544053077698
0.0
0.0
0.0
0.0
0.0
0.0
0.0
0.0
0.0
0.0
0.0
0.0
0.0
0.0
0.0
0.0
0.0
0.0
0.0
0.0
0.0
0.0
0.0
0.0
0.0
0.0
0.0
0.0
0.0
0.0
0.0
0.0
0.0
0.0
0.0
0.0
0.0
0.0
0.0
0.0
0.0
0.0
0.0
0.0
0.0
0.40203991532325745
0.6045738458633423
0.0
0.0
0.0
0.0
0.0
0.0
0.0
0.0
0.0
0.0
0.0
0.0
0.0
0.0
0.0
0.0
0.26472508907318115
0.0
0.0
0.0
0.0
0.0
0.0
0.0
0.0
0.0
0.0
0.0
0.0
0.0
0.0
0.0
0.0
0.0
0.0
0.0
0.0
0.0
0.0
0.0
0.0
0.0
0.0
0.0
0.0
0.0
0.0
0.0
0.0
0.0
0.0
0.0
8.895162582397461
0.0
0.0
0.0
0.0
0.0
0.0
0.0
0.3545697331428528
0.0
0.0
0.0
1.4550496339797974
0.6656093597412109
0.9201653003692627
0.0
0.0
0.0
0.0
0.2288140505552292
2.049731731414795
7.028247833251953
7.779765605926514
0.0
0.0
5.524254322052002
5.997881889343262
0.0
0.0
0.0
3.5224392414093018
0.0
0.0
13.248332977294922
0.0
0.0
0.0
0.0
0.0
6.856544017791748
0.0
0.0
2.4243521690368652
0.0
0.0
0.0
0.0
0.0
0.0
0.0
0.0
0.0
0.0
0.0
0.0
0.0
0.0
0.0
0.0
0.0
0.0
0.0
6.810431957244873
0.0
0.0
0.44345778226852417
0.0
0.0
0.0
0.0
0.0
0.0
0.0
0.0
0.0
0.0
0.0
0.0
0.0
0.0
0.0
0.0
0.0
0.0
0.0
1.2416273355484009
0.0
0.0
0.0
0.0
1.1444398164749146
0.9070502519607544
0.0
0.0
0.0
0.0
0.0
0.0
0.0
0.0
0.0
0.0
0.0
0.0
0.0
0.0
0.0
0.0
0.0
0.0
0.0
0.0
0.0
0.0
0.0
0.0
0.0
0.0
0.0
0.0
0.0
0.0
0.0
0.0
0.0
0.0
0.0
0.0
0.0
0.0
0.0
0.0
0.0
0.0
0.0
0.0
0.0
0.0
0.0
0.0
0.0
0.0
0.0
0.0
0.0
0.0
0.0
0.0
0.0
0.0
0.0
0.0
0.0
0.0
0.0
0.0
0.0
0.0
0.0
0.0
0.0
0.0
0.0
0.0
0.0
0.0
0.0
0.0
0.0
0.0
0.0
0.0
0.0
0.0
0.0
0.0
0.0
0.0
0.0
0.0
0.0
0.0
0.0
0.0
0.0
0.0
0.0
0.0
0.0
0.0
0.0
0.0
0.0
0.0
0.0
0.0
0.0
0.0
0.0
0.0
0.0
0.0
0.0
0.0
0.0
0.0
0.0
0.0
0.0
0.0
0.0
0.0
0.0
0.0
0.0
0.0
0.0
0.0
0.0
0.0
0.0
0.0
0.0
0.0
0.0
0.0
0.0
0.0
0.0
0.0
0.0
0.0
0.0
0.0
0.0
0.0
0.0
0.0
0.0
0.0
0.0
0.0
0.0
0.0
0.0
0.0
0.0
0.0
0.0
0.0
0.0
0.0
0.0
0.0
0.0
0.0
0.0
0.0
0.0
0.0
0.0
0.0
0.0
0.0
0.0
0.0
0.0
0.0
0.0
0.0
0.0
0.0
0.0
0.0
0.0
0.0
0.0
0.2756493091583252
0.0
0.0
0.0
0.0
0.0
0.0
0.0
0.0
0.0
0.0
0.0
0.0
0.0
0.0
0.0
0.0
0.0
0.0
0.0
0.0
0.0
0.0
0.0
0.0
0.0
0.0
0.0
0.0
0.0
0.0
0.0
0.0
0.327504962682724
0.0
0.0
0.0
0.0
0.0
0.0
0.0
0.0
0.0
1.2481783628463745
0.0
0.0
0.10526096075773239
0.0
0.0
0.0
0.0
0.0
0.0
0.0
0.0
0.0
0.0
0.0
0.0
0.0
0.0
0.0
0.0
0.0
0.0
0.0
0.0
0.0
0.0
0.0
0.0
0.0
0.0
0.0
0.0
4.985480308532715
0.0
0.0
0.0
0.0
0.8652393817901611
0.0
0.0
0.0
12.460444450378418
0.0
0.3556678891181946
4.263369083404541
0.0
0.0
0.0
0.3176560401916504
0.0
0.0
0.0
0.0
0.5290753841400146
0.0
0.0
0.0
0.0
0.0
0.0
11.165428161621094
0.0
3.3380706310272217
0.0
0.6400284767150879
17.287078857421875
6.784980297088623
0.0
0.0
5.018128395080566
3.6324503421783447
0.0
1.1570806503295898
0.0
0.0
1.988753080368042
5.081531524658203
10.957841873168945
3.003389358520508
0.0
0.0
2.9942612648010254
1.438683271408081
4.54439115524292
0.0
0.0
0.0
3.4946651458740234
0.0
11.176158905029297
0.0
0.0
0.0
3.6134490966796875
5.678630828857422
0.0
0.0
3.005871295928955
0.0
0.0
3.9500796794891357
5.0174055099487305
1.315342664718628
1.8977611064910889
1.6109446287155151
0.0
0.0
0.0
0.0
0.0
0.0
0.0
6.414034843444824
0.0
3.636535882949829
3.7643096446990967
0.0
0.0
0.4444929361343384
0.0
0.0
0.0
0.0
0.0
0.0
0.0
0.21123413741588593
0.0
0.0
0.0
0.0
0.11585668474435806
1.9388916492462158
0.0
0.0
0.7173722982406616
0.0
0.0
0.0
0.0
0.0
0.0
0.0
0.0
0.0
0.0
0.0
0.0
0.0
0.0
0.0
0.0
0.0963306650519371
0.0
0.0
0.0
0.0
0.0
0.0
0.0
0.0
0.0
0.0
0.0
0.0
0.0
0.0
0.0
0.0
0.0
0.0
0.0
0.0
0.0
0.0
0.0
0.0
0.0
0.0
0.0
0.0
0.0
0.0
0.0
0.0
0.0
0.0
0.0
0.0
0.0
0.0
0.0
0.0
0.0
0.0
0.0
0.0
0.0
0.0
0.0
0.0
0.0
0.0
0.0
0.0
0.0
0.0
0.0
0.0
0.0
0.0
0.0
0.0
0.0
0.0
0.0
0.0
0.0
0.0
0.0
0.0
0.0
0.0
0.0
0.0
0.0
0.0
0.0
0.0
0.0
0.0
0.0
0.0
0.0
0.0
0.0
0.0
0.0
0.0
0.0
0.0
0.0
0.0
0.0
0.0
0.0
0.0
0.0
0.0
0.008019529283046722
0.0
0.0
0.0
0.0
0.0
0.0
0.0
0.0
0.0
0.0
0.0
0.0
0.0
0.0
0.0
0.0
0.0
0.0
0.0
0.0
0.0
0.0
0.0
0.0
0.0
0.0
0.0
0.0
0.0
0.0
0.0
0.0
0.0
0.0
0.0
0.0
0.0
0.0
0.0
0.0
0.0
0.0
0.0
0.0
0.0
0.0
0.0
0.0
0.0
0.0
0.0
0.0
0.0
0.0
0.0
0.0
0.0
0.0
0.0
0.0
0.0
0.0
0.0
0.0
0.0
0.0
0.0
0.0
0.0
0.0
0.0
0.0
0.0
0.0
0.0
0.0
0.0
0.0
0.0
0.0
0.13832956552505493
0.0
0.0
0.0
0.0
0.0
0.0
0.0
0.0
0.0
0.0
0.0
0.0
0.0
0.0
0.0
0.0
0.0
0.0
0.0
0.0
0.0
0.0
0.0
0.0
0.5607345104217529
0.09312554448843002
0.0
0.0
0.0
0.059706125408411026
0.0
0.0
0.7606911659240723
0.6279661655426025
0.0
0.3025270700454712
1.8047654628753662
0.0
0.8573174476623535
0.0
0.0
0.0
0.0
0.0
0.0
0.0
0.0
0.0
0.0
0.0
0.0
0.0
0.0
0.0
0.0
0.0
0.0
0.0
0.0
0.0
0.0
0.0
0.0
0.0
0.0
13.837894439697266
2.189873218536377
0.0
0.0
0.0
12.874222755432129
0.0
0.0
0.0
6.911340236663818
0.0
0.0
0.0
0.0
4.288471221923828
3.4665443897247314
3.2287964820861816
0.0
6.1529459953308105
0.0
0.0
0.0
1.4754588603973389
0.0
0.0
0.0
0.0
0.0
0.0
0.0
0.0
0.0
0.0
0.0
0.0
0.0
0.0
6.909384727478027
6.832913398742676
3.3716213703155518
0.0
0.0
4.017679691314697
0.7534282207489014
5.4813151359558105
3.8516037464141846
0.0
0.0
0.608696699142456
7.757680892944336
0.0
0.0
4.027878284454346
0.0
0.0
0.0
0.0
0.0
0.0
0.0
0.0
1.8861230611801147
3.188926935195923
0.0
0.0
10.569463729858398
0.0
0.0
0.6759171485900879
0.0
0.0
8.404688835144043
0.0
0.0
0.0
0.0
0.0
0.0
2.922365665435791
0.0
0.0
0.0
0.0
0.0
0.0
0.0
0.0
0.0
0.0
0.0
0.0
0.0
0.0
5.9725236892700195
0.0
0.0
1.742911696434021
0.0
1.363061785697937
0.2758771777153015
0.0
0.0
0.0
0.0
0.0
0.0
0.0
0.0
0.0
0.0
3.028768301010132
0.0
0.0
0.0
0.0
0.3571334183216095
0.0
0.0
0.0
0.0
0.0
0.0
0.0
0.0
0.0
0.0
0.0
0.0
0.0
0.0
0.0
0.0
0.0
0.0
0.0
0.0
0.0
0.0
0.0
0.0
0.0
0.0
0.0
0.0
0.0
0.0
0.0
0.0
0.0
0.0
0.0
0.0
0.0
0.0
0.0
0.0
0.0
0.0
0.0
0.0
0.0
0.0
0.0
0.0
0.0
0.0
0.0
0.0
0.0
0.0
0.0
0.0
0.0
0.0
0.0
0.0
0.0
0.0
0.0
0.0
0.0
0.0
0.0
0.0
0.0
0.0
0.0
0.0
0.0
0.0
0.0
0.0
0.0
0.0
0.0
0.0
0.0
0.0
0.0
0.0
0.0
0.0
0.0
0.0
0.0
0.0
0.0
0.0
0.0
0.0
0.0
0.0
0.0
0.0
0.0
0.0
0.0
0.0
0.0
0.0
0.0
0.0
0.0
0.0
0.0
0.0
0.0
0.0
0.0
0.0
0.0
0.0
0.0
0.0
0.0
0.0
0.0
0.0
0.0
0.0
0.0
0.0
0.0
0.0
0.0
0.0
0.0
0.0
0.0
0.0
0.0
0.0
0.0
0.0
0.0
0.0
0.0
0.0
0.0
0.0
0.0
0.0
0.0
0.0
0.0
0.0
0.0
0.0
0.0
0.0
0.0
0.0
0.0
0.0
0.0
0.0
0.0
0.0
0.0
0.0
0.0
0.0
0.0
0.0
0.0
0.0
0.0
0.0
0.0
0.0
0.0
0.0
0.0
0.0
0.0
0.0
0.0
0.0
0.0
0.0
0.0
0.0
0.0
0.0
0.0
0.0
0.0
0.0
0.0
0.0
0.0
0.0
0.0
0.0
0.0
0.0
0.0
0.0
0.0
0.0
0.0
0.0
0.0
0.0
0.0
0.0
0.0
0.7784066796302795
0.0
0.0
0.0
0.0
0.0
0.0
0.34003785252571106
0.36365562677383423
0.0
0.0
0.0
0.0
0.0
0.0
0.0
0.0
0.0
0.0
0.0
0.0
0.0
0.0
0.0
0.0
0.0
0.0
0.0
0.0
0.0
0.0
0.0
0.0
0.0
0.0
0.0
0.0
0.0
7.984122276306152
0.0
0.0
0.0
0.0
10.06157112121582
0.0
0.0
0.0
0.0
9.667316436767578
0.0
0.0
0.0
0.0
0.0
0.0
1.3850297927856445
3.449449062347412
0.0
7.698617458343506
0.0
0.0
1.1211360692977905
0.0
0.0
0.0
0.0
9.699275970458984
6.560480117797852
12.01307487487793
9.699275970458984
1.5118060111999512
0.23964543640613556
2.4899606704711914
3.7986316680908203
0.0
0.0
11.211933135986328
12.759498596191406
0.0
12.5546293258667
3.0552451610565186
4.836416244506836
0.0
0.0
0.0
0.0
0.0
0.0
19.010509490966797
0.0
0.0
0.0
1.6863616704940796
5.809725761413574
0.0
0.0
0.5389401316642761
0.5655908584594727
0.0
3.606532335281372
0.0
0.0
2.3224549293518066
2.8353121280670166
0.0
3.0010077953338623
5.846867561340332
6.121865272521973
0.0
0.9025238156318665
1.5370736122131348
2.8356735706329346
0.0
0.0
0.0
0.0
0.0
0.0
0.0
0.0
0.0
0.0
0.0
0.0
0.0
5.516802787780762
8.318070411682129
5.5447540283203125
0.0
0.0
0.0
1.3781622648239136
0.0
0.0
0.0
0.0
0.0
0.0
0.0
0.0
0.0
0.0
2.3081815242767334
0.0
0.8851881623268127
0.0
0.0
0.0
0.0
0.0
0.0
0.0
0.0
0.0
2.0253500938415527
0.0
0.0
0.0
0.0
0.0
0.0
0.0
0.0
0.0
0.0
0.0
0.0
0.0
0.0
0.0
0.0
0.0
0.0
0.0
0.0
0.0
0.0
0.0
0.0
0.0
0.0
0.0
0.0
0.0
0.0
0.0
0.0
0.0
0.0
0.0
0.0
0.0
0.0
0.0
0.0
0.0
0.0
0.0
0.0
0.0
0.0
0.0
0.0
0.0
0.0
0.0
0.0
0.0
0.0
0.0
0.0
0.0
0.0
0.0
0.0
0.0
0.0
0.0
0.0
0.0
0.0
0.0
0.0
0.0
0.0
0.0
0.0
0.0
0.0
0.0
0.0
0.0
0.0
0.0
0.0
0.0
0.0
0.0
0.0
0.0
0.0
0.0
0.0
0.0
0.0
0.0
0.0
0.0
0.0
0.0
0.0
0.0
0.0
0.0
0.0
0.0
0.0
0.0
0.0
0.0
0.0
0.0
0.0
0.0
0.0
0.0
0.0
0.0
0.0
0.0
0.0
0.0
0.0
0.0
0.0
0.0
0.0
0.0
0.0
0.0
0.0
0.0
0.0
0.0
0.0
0.0
0.0
0.0
0.0
0.0
0.0
0.0
0.0
0.0
0.0
0.0
0.0
0.0
0.0
0.0
0.0
0.0
0.0
0.0
0.0
0.0
0.0
0.0
0.0
0.0
0.0
0.0
0.0
0.0
0.0
0.0
0.0
0.0
0.0
0.0
0.0
0.0
0.0
0.0
0.0
0.0
0.0
0.0
0.0
0.0
0.0
0.0
0.0
0.0
0.0
0.0
0.0
0.0
0.0
0.0
0.0
0.0
0.0
0.0
0.0
0.0
0.0
0.0
0.0
0.0
0.0
0.0
0.0
0.0
0.0
0.0
0.0
0.0
0.0
0.0
0.0
0.0
0.0
0.0
0.0
0.0
0.0
0.0
0.0
0.08871034532785416
0.0
0.0
0.0
0.0
0.0
0.0
0.0
0.0
0.43605929613113403
0.0
0.0
0.0
0.0
0.0
0.0
0.0
0.0
0.0
0.0
0.0
0.0
0.0
2.7225301265716553
0.0
0.0
0.0
0.0
0.0
0.0
0.0
0.0
0.0
0.0
0.0
0.0
3.8069024085998535
0.0
0.0
0.0
11.07921028137207
0.0
0.0
0.0
7.631170272827148
13.087347030639648
0.0
3.9807238578796387
0.0
0.0
0.0
0.0
0.0
5.806124210357666
0.0
0.0
0.0
3.3066036701202393
0.0
8.504223823547363
0.0
2.123971462249756
13.467918395996094
1.870334506034851
13.02964973449707
7.009711742401123
0.0
8.304161071777344
5.277063369750977
0.0
0.0
13.004161834716797
15.052286148071289
6.199087619781494
0.0
0.0
0.0
0.0
0.0
0.0
0.0
1.5365736484527588
3.9156484603881836
0.0
7.996240139007568
23.545574188232422
0.0
0.0
5.577902793884277
5.577902793884277
5.577902793884277
0.0
0.0
0.0
1.1501556634902954
0.0
0.0
0.0
0.0
0.0
1.6689045429229736
0.0
0.0
3.8080008029937744
0.0
0.0
0.0
0.0
0.0
0.0
0.0
4.594761848449707
2.8333306312561035
4.184849262237549
0.0
0.0
0.0
0.4100477993488312
0.0
0.0
0.0
0.0
1.178242564201355
0.7507938146591187
0.0
0.0
0.2037750780582428
0.0
1.8984163999557495
1.5832509994506836
0.0
0.0
0.0
0.0
0.0
0.0
0.0
0.0
0.0
0.0
0.0
0.0
0.0
0.0
0.0
0.0
0.0
0.0
0.0
0.0
0.0
0.0
0.0
0.0
0.0
0.0
0.0
0.0
0.0
0.0
0.0
0.0
0.0
0.0
0.0
0.0
0.0
0.0
0.0
0.0
0.0
0.0
0.0
0.0
0.0
0.0
0.0
0.0
0.0
0.0
0.0
0.0
0.0
0.0
0.0
0.0
0.0
0.0
0.0
0.0
0.0
0.0
0.0
0.0
0.0
0.0
0.0
0.0
0.0
0.0
0.0
0.0
0.0
0.0
0.0
0.0
0.0
0.0
0.0
0.0
0.0
0.0
0.0
0.0
0.0
0.0
0.0
0.0
0.0
0.0
0.0
0.0
0.0
0.0
0.0
0.0
0.0
0.0
0.0
0.0
0.0
0.0
0.0
0.0
0.0
0.0
0.0
0.0
0.0
0.0
0.0
0.0
0.0
0.0
0.0
0.0
0.0
0.0
0.0
0.0
0.0
0.0
0.0
0.0
0.0
0.0
0.0
0.0
0.0
0.0
0.0
0.0
0.0
0.0
0.0
0.0
0.0
0.0
0.0
0.003492404241114855
0.0
0.0
0.0
0.0
0.0
0.0
0.0
0.0
0.0
0.0
0.0
0.0
0.0
0.0
0.0
0.0
0.0
0.0
0.0
0.0
0.0
0.0
0.0
0.0
0.0
0.0
0.0
0.0
0.0
0.0
0.0
0.0
0.0
0.0
0.0
0.0
0.0
0.0
0.0
0.0
0.0
0.0
0.0
0.0
0.0
0.0
0.0
0.0
0.0
0.0
0.0
0.0
0.0
0.0
0.0
0.0
0.0
0.0
0.0
0.0
0.0
0.0
0.0
0.0
0.0
0.0
0.0
0.0
0.0
0.0
0.0
0.0
0.0
0.0
0.0
0.0
0.0
0.0
0.0
0.0
0.4995054602622986
0.0
0.0
0.0
0.0
0.0
0.0
0.20292788743972778
0.0
0.0963108241558075
0.02694699726998806
0.0
0.0
0.0
0.0
0.0
0.0
0.0
1.8771071434020996
0.4157089293003082
0.23256736993789673
0.0
0.0
0.0
0.0
0.0
0.0
0.0
0.0
0.0
0.0
0.0
0.0
0.0
0.0
0.0
0.0
0.0
0.0
0.0
0.0
0.0
0.0
0.0
0.0
0.0
0.0
0.0
1.716316819190979
0.0
0.0
0.0
0.0
0.0
0.0
0.0
0.0
0.0
0.0
0.0
25.065549850463867
3.9186184406280518
0.0
0.865689218044281
0.0
0.0
0.0
0.0
0.0
0.0
0.0
5.419487476348877
0.0
1.6132186651229858
8.836224555969238
0.0
0.0
0.0
0.0
0.0
0.0
0.0
5.282523155212402
0.0
0.0
2.8786075115203857
3.2987914085388184
0.0
2.0772931575775146
1.1677162647247314
0.5655611753463745
2.0908141136169434
0.0
0.0
0.724844217300415
3.4678006172180176
5.141884803771973
0.0
0.13022850453853607
0.0
6.514343738555908
0.0
0.0
0.0
1.0292556285858154
7.445158004760742
2.211336135864258
2.565426826477051
4.315044403076172
1.5128767490386963
7.688438892364502
0.0
0.7977544665336609
0.0
0.0
8.849464416503906
0.0
3.0602452754974365
2.163857936859131
0.0
0.0
4.240100383758545
0.0
0.0
5.60447883605957
0.0
0.0
0.0
0.0
0.0
0.7786891460418701
0.0
0.0
0.0
0.0
0.0
7.993379592895508
0.0
0.0
0.0
0.0
0.0
0.0
1.6635345220565796
0.0
0.0
0.0
0.0
0.0
0.10727407783269882
1.2984124422073364
0.0
0.0
0.0
0.0
0.10607359558343887
0.0
0.0
0.0
0.0
0.0
0.0
0.0
0.0
0.0
0.0
0.0
0.0
0.0
0.0
0.0
0.0
0.0
0.0
0.0
0.0
0.0
0.0
0.0
0.0
0.0
0.0
0.0
0.0
0.0
0.0
0.0
0.0
0.0
0.0
0.0
0.0
0.0
0.0
0.0
0.0
0.0
0.0
0.0
0.0
0.0
0.0
0.0
0.0
0.0
0.0
0.0
0.0
0.0
0.0
0.0
0.0
0.0
0.0
0.0
0.0
0.0
0.0
0.0
0.0
0.0
0.0
0.0
0.0
0.0
0.0
0.0
0.0
0.0
0.0
0.0
0.0
0.0
0.0
0.0
0.0
0.0
0.0
0.0
0.0
0.0
0.0
0.0
0.0
0.0
0.0
0.0
0.0
0.0
0.0
0.0
0.0
0.0
0.0
0.0
0.0
0.0
0.0
0.0
0.0
0.0
0.0
0.0
0.0
0.0
0.0
0.0
0.0
0.0
0.0
0.0
0.0
0.0
0.0
0.0
0.0
0.0
0.0
0.0
0.0
0.0
0.0
0.0
0.0
0.0
0.0
0.0
0.0
0.0
0.0
0.0
0.0
0.0
0.0
0.0
0.0
0.0
0.0
0.0
0.0
0.0
0.0
0.0
0.0
0.0
0.0
0.0
0.0
0.0
0.0
0.0
0.0
0.0
0.0
0.0
0.0
0.0
0.0
0.0
0.0
0.0
0.0
0.0
0.0
0.0
0.0
0.0
0.0
0.0
0.0
0.0
0.0
0.0
0.0
0.0
0.0
0.0
0.0
0.0
0.0
0.0
0.0
0.0
0.0
0.0
0.0
0.0
0.0
0.0
0.0
0.0
0.0
0.0
0.0
0.0
0.0
0.0
0.0
0.0
0.40428560972213745
0.0
0.0
0.0
0.0
0.0
0.0
0.0
0.0
0.0
0.0
0.0
0.0
0.0
0.0
0.0
0.0
0.0
0.0
0.0
0.0
0.0
0.0
0.0
0.5251045227050781
0.0
0.0
0.0
1.5600377321243286
0.0
0.0
0.37320515513420105
0.07180463522672653
0.0
0.4133007824420929
0.0
0.0
1.6758756637573242
0.5906834602355957
0.0
0.0
0.0
0.8228806853294373
0.0
0.0
0.0
0.0
0.0
0.0
0.0
0.0
0.0
0.0
0.0
0.0
0.0
0.0
0.0
0.4577741324901581
0.0
0.0
2.1054723262786865
0.0
15.329458236694336
0.0
0.0
13.145726203918457
2.916006565093994
0.0
2.993974208831787
16.805967330932617
5.545938014984131
0.0
0.0
7.842029571533203
7.528927803039551
0.0
6.203199863433838
0.0
0.0
0.0
0.0
17.958946228027344
6.852278232574463
20.28519630432129
0.0
0.0
0.0
0.38927796483039856
0.0
4.1789350509643555
0.0
0.0
0.0
1.9237006902694702
0.0
0.0
5.5302934646606445
0.8064329028129578
0.0
3.637284755706787
15.014774322509766
3.133704423904419
4.879607200622559
4.206875801086426
4.206875801086426
3.831752061843872
0.0
12.266888618469238
0.0
0.0
0.0
0.0
0.0
0.0
0.0
0.0
0.0
0.49754661321640015
0.0
0.0
0.0
1.2551394701004028
0.0
0.0
0.0
0.0
0.12785965204238892
0.0
3.892721652984619
1.9738980531692505
0.4604037404060364
0.4027821719646454
2.5968291759490967
0.0
0.0
0.0
0.0
4.218629837036133
0.9694535732269287
0.0
0.0
0.0
0.0
0.0
0.0
0.0
0.18791143596172333
0.0
0.0
0.0
0.0
0.0
0.0
0.0
0.0
0.0
0.0
1.6789977550506592
0.0
0.0
3.2164499759674072
1.0006390810012817
0.0
0.0
0.0
0.0
0.0
0.41509079933166504
0.0
0.0
0.0
0.0
0.0
0.0
0.0
0.0
0.0
0.0
0.0
0.0
0.0
0.0
0.014956498518586159
0.15453003346920013
0.0
0.0
0.0
0.0
0.0
0.0
0.0
0.0
0.0
0.0
0.0
0.0
0.0
0.0
0.0
0.0
0.0
0.0
0.0
0.0
0.0
0.0
0.0
0.0
0.0
0.0
0.0
0.0
0.0
0.0
0.0
0.0
0.0
0.0
0.0006422495353035629
0.0
0.0
0.0
0.0
0.0
0.0
0.0
0.0
0.0
0.0
0.0
0.0
0.0
0.0
0.0
0.0
0.0
0.0
0.0
0.0
0.0
0.0
