19830101
27.05,14.82
25.69,13.17
26.23,12.64
26.77,13.65
25.52,14.18
26.62,14.09
28.83,14.89
27.80,15.64
26.70,15.67
28.48,15.73
30.75,15.94
31.01,16.61
29.88,16.24
27.53,15.27
25.99,14.15
28.17,13.40
28.89,12.76
27.29,13.65
25.87,13.69
26.53,12.60
28.41,12.52
29.38,13.43
26.50,13.85
23.68,11.17
25.42,11.63
26.04,12.83
25.85,13.49
24.80,13.39
25.73,13.00
25.69,13.94
26.74,14.32
28.81,13.89
28.85,15.35
28.38,15.39
29.68,15.12
30.41,15.69
31.09,16.07
31.40,15.93
32.85,17.48
32.84,18.35
30.60,16.68
30.71,14.83
31.83,15.69
32.59,16.82
34.45,17.33
36.16,18.53
37.18,21.04
35.93,21.65
34.82,20.50
34.78,19.42
36.42,19.11
36.65,21.22
35.33,22.29
35.68,21.09
35.03,20.32
34.04,20.41
29.93,18.64
26.50,14.85
27.16,12.97
31.32,15.30
33.34,17.75
35.50,19.97
35.55,20.22
32.96,20.40
29.34,17.88
28.67,15.74
30.35,15.42
31.92,17.31
33.69,19.92
33.23,19.54
31.02,17.42
33.76,17.95
33.41,21.43
33.40,19.21
32.03,18.69
31.73,16.83
34.76,16.53
37.16,18.86
38.50,21.64
36.42,24.31
33.87,21.43
32.63,20.57
34.46,18.67
36.03,19.03
38.68,18.82
41.78,20.54
42.48,23.71
44.34,27.85
43.91,26.15
44.06,27.15
44.70,24.43
45.27,28.40
40.26,26.43
36.94,22.79
37.29,20.44
40.26,19.18
41.57,21.11
41.08,26.22
40.46,27.95
37.32,26.05
36.04,25.68
34.74,25.25
35.61,23.42
39.46,25.57
39.58,25.98
41.00,23.99
38.82,24.09
39.38,26.58
37.76,25.50
37.98,22.07
38.56,22.54
37.84,22.74
37.11,20.83
37.70,21.84
40.92,22.15
41.86,25.30
43.19,27.16
43.14,29.09
42.03,29.64
41.24,26.91
41.80,26.72
43.60,27.58
43.18,27.09
45.68,30.19
47.64,31.12
42.53,29.44
41.11,30.17
40.68,28.29
43.28,31.31
42.86,29.29
44.76,31.65
44.47,31.46
45.36,29.96
42.86,29.42
43.11,27.25
41.06,26.42
41.84,26.94
42.41,29.13
41.48,26.38
42.56,28.83
41.79,27.90
42.20,26.59
40.63,24.98
42.52,27.08
42.55,26.35
43.27,26.78
44.69,28.38
44.14,30.02
44.55,31.03
44.75,32.26
43.45,26.98
39.81,27.85
39.96,29.40
42.44,29.96
38.79,28.18
38.59,27.26
41.23,26.56
37.55,26.41
40.35,25.01
40.88,27.40
44.05,26.70
43.93,30.03
40.16,27.36
41.12,28.44
42.15,28.85
43.32,27.57
43.87,28.42
41.67,25.21
40.82,28.49
38.91,28.45
40.54,27.83
40.74,26.78
39.56,28.18
39.72,28.02
40.87,27.56
41.58,27.02
39.44,28.38
36.66,28.50
39.79,27.09
40.45,26.89
39.54,27.43
38.20,28.56
39.59,27.26
42.27,28.62
40.99,24.19
39.95,26.01
40.72,24.36
39.32,27.43
39.07,26.22
39.65,27.60
40.16,27.06
42.96,26.72
42.53,26.68
41.91,29.78
38.08,29.03
37.42,28.22
40.34,27.50
38.19,26.31
41.24,25.00
39.98,25.41
39.38,24.71
38.44,26.93
38.71,27.65
36.05,26.16
35.85,26.41
37.63,26.09
34.96,26.88
36.94,25.97
34.81,27.03
35.95,26.18
32.73,25.19
32.61,25.57
36.05,26.78
35.65,27.30
35.28,27.01
38.24,25.89
40.78,27.00
39.68,28.33
32.21,27.96
37.33,27.07
38.89,27.61
40.06,29.54
35.52,27.15
37.60,27.00
37.84,25.75
35.63,26.28
38.11,26.45
35.43,24.72
37.34,25.10
40.25,27.65
41.66,24.77
41.40,25.82
40.71,25.91
40.05,24.22
40.73,27.80
40.53,29.14
39.84,26.84
40.28,26.13
40.98,25.67
40.99,25.59
41.34,27.14
41.26,27.31
39.10,26.29
36.83,26.60
37.06,26.14
39.75,26.23
40.30,25.77
40.19,27.69
39.97,27.43
40.41,28.15
40.22,28.20
40.58,29.30
39.24,28.32
39.92,28.14
39.00,28.16
39.54,27.52
40.65,29.36
40.41,26.33
41.47,25.64
38.91,23.28
40.30,24.12
40.03,25.19
41.02,28.61
40.66,26.03
40.68,26.98
40.83,26.96
41.46,27.21
40.43,28.51
41.53,27.67
40.64,25.87
40.59,25.81
39.30,26.81
39.86,28.11
39.96,28.01
39.88,29.02
41.51,29.16
42.84,27.29
42.17,25.44
41.59,28.10
40.10,22.95
39.82,24.93
40.87,24.19
41.74,25.33
42.85,28.68
42.48,25.74
42.02,25.07
40.52,27.61
38.73,27.47
39.38,25.48
39.60,25.01
38.64,26.37
39.12,25.79
39.85,24.94
39.91,26.54
40.75,27.82
39.91,27.99
39.02,26.61
39.41,27.64
40.16,28.33
38.57,27.65
39.16,25.12
39.42,25.91
38.61,24.58
36.84,24.99
37.68,25.15
39.43,27.58
39.20,26.24
38.74,25.97
38.40,25.73
37.51,24.52
36.19,24.58
35.93,21.62
35.99,21.99
36.54,22.80
35.45,21.45
35.53,21.82
33.30,19.36
33.16,18.64
33.60,19.86
33.00,18.55
32.88,18.12
33.54,19.25
34.77,17.58
36.41,18.80
36.90,20.18
34.91,21.41
35.08,22.51
36.45,23.84
36.38,22.41
36.25,22.66
36.15,21.79
35.96,21.55
36.17,23.35
36.85,23.40
38.47,25.42
36.92,23.29
37.02,22.79
37.22,23.64
37.55,25.45
37.20,23.71
37.45,25.13
37.69,24.78
37.48,25.53
36.77,24.57
36.65,25.72
35.57,24.87
36.07,24.08
36.51,23.83
36.31,23.36
35.05,21.52
33.30,20.55
32.00,18.05
31.33,16.56
32.01,17.46
31.49,17.47
30.40,17.02
31.38,17.13
30.90,17.03
28.37,14.74
25.16,15.07
25.30,14.10
27.52,12.42
30.34,14.46
30.98,16.19
31.85,16.75
--,--
32.07,17.10
29.97,17.53
30.17,17.80
29.82,15.97
31.05,15.86
33.95,17.34
34.78,19.19
34.38,19.30
34.39,19.59
32.35,19.89
31.84,18.67
32.33,17.51
31.93,16.34
32.51,17.59
30.43,17.25
25.39,14.65
26.99,13.90
27.62,15.05
28.29,14.63
29.03,14.73
30.55,14.62
30.27,15.40
30.96,15.33
31.95,17.18
29.78,17.02
32.21,16.40
31.27,19.58
30.20,17.36
28.94,15.06
30.75,17.13
33.12,17.81
32.22,15.18
34.51,18.43
35.91,21.20
35.46,21.81
37.09,20.84
38.77,18.83
33.60,20.63
29.64,16.98
32.98,17.54
37.34,19.47
37.89,21.88
38.33,21.45
37.56,23.56
36.23,21.95
37.24,22.00
36.07,22.70
35.39,22.67
35.27,22.08
36.10,22.17
37.09,24.48
36.71,23.15
35.05,21.65
34.18,20.96
35.02,21.39
35.74,22.17
35.56,21.52
33.17,19.77
33.05,17.70
34.45,20.13
35.92,17.28
37.60,21.04
37.89,21.53
38.93,23.82
38.39,24.84
39.98,25.68
40.43,24.11
41.01,23.46
42.40,25.87
43.87,26.82
39.92,25.50
36.57,23.49
35.42,20.42
37.96,21.36
39.58,22.34
42.01,21.38
42.50,24.94
42.77,26.67
41.58,28.50
42.05,24.45
39.91,26.43
39.69,25.08
39.91,22.33
42.10,24.44
43.74,24.54
39.26,26.68
35.77,22.99
36.39,23.36
36.57,23.25
35.79,23.64
35.35,22.27
36.64,20.70
37.86,22.68
39.13,23.21
38.18,24.03
39.00,22.02
41.07,21.44
40.80,23.69
41.35,24.85
41.38,25.33
39.46,25.51
38.19,22.52
38.02,22.96
39.12,22.22
39.17,22.28
40.65,24.09
42.28,26.35
42.35,28.00
42.06,25.92
41.28,24.77
43.14,25.78
43.60,26.33
44.25,29.06
44.16,29.76
42.95,29.17
42.24,27.07
42.24,27.03
42.43,27.58
43.69,27.21
44.36,27.72
43.55,29.12
45.61,29.60
44.03,31.21
44.02,31.42
45.74,30.07
43.08,28.19
42.14,26.56
43.31,26.45
42.90,28.49
42.21,27.19
40.83,26.70
41.80,24.56
43.34,25.27
43.83,24.89
44.33,26.29
44.78,30.49
46.08,29.40
44.56,28.02
42.04,29.05
38.68,28.44
36.66,27.83
36.54,26.99
41.71,28.70
44.20,29.13
42.97,27.73
42.55,29.11
40.12,28.99
40.54,28.04
41.90,28.51
40.86,29.54
45.41,27.25
42.49,27.64
43.51,29.43
42.76,24.51
43.01,25.94
42.12,29.01
41.72,26.89
42.18,25.26
42.79,26.60
42.83,26.86
42.74,27.73
43.38,26.47
43.98,27.20
43.65,27.21
41.44,30.34
43.46,29.61
41.04,25.32
40.49,26.14
40.41,25.76
41.05,28.10
40.96,26.93
42.27,27.38
40.18,26.24
39.12,25.77
39.97,24.67
39.69,26.82
40.08,24.58
40.37,26.11
41.27,27.81
41.03,28.31
38.75,28.68
36.65,28.78
40.65,27.99
39.68,28.70
36.43,27.36
34.74,26.69
33.96,26.86
36.23,26.49
38.68,27.14
41.14,26.06
39.60,23.34
38.37,26.08
41.81,26.04
41.80,24.39
41.90,27.98
40.94,26.39
42.61,26.70
42.06,27.48
43.08,26.49
40.30,29.19
40.52,28.14
40.86,28.99
40.53,28.27
37.31,27.65
40.71,26.35
41.15,28.37
43.06,28.71
43.45,29.11
43.95,28.76
42.43,29.98
42.93,30.27
43.85,30.09
43.32,29.18
41.69,26.81
39.80,27.47
39.19,28.72
37.87,28.18
37.71,26.79
39.44,27.60
38.11,27.17
40.22,27.35
39.24,27.00
42.72,26.84
41.68,27.01
41.18,26.40
40.56,27.09
37.00,28.94
39.28,28.28
40.51,28.40
42.24,28.77
43.76,28.10
40.82,29.30
40.05,27.83
39.76,28.77
40.96,28.23
42.44,28.51
43.68,28.09
41.87,27.46
41.73,28.02
41.98,28.34
41.94,25.41
42.09,25.53
41.62,26.09
41.44,27.60
41.60,28.59
41.40,28.09
41.33,29.55
40.66,28.56
40.24,25.23
39.38,24.45
39.73,24.24
40.69,26.34
40.05,27.31
38.66,29.51
40.89,26.35
43.15,25.59
41.77,28.16
41.64,27.02
41.67,29.66
41.26,28.89
38.27,29.24
39.63,27.26
38.03,26.74
38.99,25.46
39.67,26.44
39.85,28.09
40.05,27.06
36.77,26.16
38.87,26.85
41.01,27.74
42.58,27.21
42.23,26.30
42.77,27.16
40.33,27.46
40.23,28.67
38.75,27.37
37.31,26.41
42.43,27.36
42.02,27.45
41.34,28.59
40.66,28.31
42.15,29.46
43.33,27.55
43.59,25.22
41.60,25.86
42.02,22.85
38.97,26.08
41.10,28.35
42.75,29.60
43.25,27.05
42.31,25.97
41.53,27.06
41.42,28.41
40.36,27.89
41.19,27.16
41.58,29.94
41.42,27.41
40.57,25.31
40.47,27.70
40.70,27.82
40.54,28.10
39.95,27.24
39.64,25.86
40.50,25.99
40.39,26.45
37.83,24.77
37.07,23.23
39.04,22.87
40.63,25.27
41.69,27.50
40.74,27.60
39.00,26.86
36.76,24.44
34.18,20.57
33.30,17.59
33.77,18.74
35.38,20.57
35.43,22.00
34.73,19.47
35.07,18.30
35.97,20.23
35.77,21.02
35.58,21.57
34.59,21.35
35.30,21.52
35.48,22.13
35.81,20.27
35.55,21.41
32.09,20.36
29.72,17.04
28.19,14.77
29.86,14.89
31.41,15.33
33.24,16.80
34.68,19.45
34.69,20.51
33.93,20.72
32.78,18.53
32.53,18.97
33.47,17.91
33.63,19.73
32.70,18.08
30.72,18.37
27.94,15.29
26.70,13.66
27.79,12.42
28.09,13.35
27.45,14.47
27.83,14.43
28.26,14.73
28.49,14.15
30.16,15.81
32.21,18.52
33.59,19.97
34.55,20.38
35.38,20.62
36.27,20.27
37.31,19.37
36.05,20.89
35.68,23.33
35.41,23.00
35.11,23.43
33.31,22.13
33.28,19.24
36.27,19.71
37.70,21.45
38.24,21.55
38.08,22.93
33.82,20.94
34.39,19.31
32.31,18.97
34.05,18.93
34.11,19.50
33.94,20.41
33.89,19.99
34.81,20.70
35.84,22.09
36.67,21.92
37.80,22.39
38.34,23.16
38.27,24.14
38.00,21.84
38.21,21.62
37.25,20.86
34.52,21.06
34.60,19.78
32.90,19.71
31.21,18.65
30.75,17.53
30.18,16.10
30.21,14.28
32.22,14.82
34.14,15.62
33.87,18.35
33.63,18.58
33.12,17.67
32.50,17.33
29.61,16.85
27.14,15.16
26.89,14.27
29.27,14.10
30.52,16.16
29.71,16.47
29.79,16.26
29.98,16.19
30.22,15.83
31.67,16.12
32.49,17.42
32.98,17.93
33.45,18.39
33.61,18.24
32.40,20.10
27.88,15.75
28.82,14.80
31.03,15.92
32.38,17.59
34.97,17.38
35.43,19.85
35.52,21.00
34.24,20.82
35.34,20.18
34.79,19.48
27.78,17.06
25.80,13.03
29.97,13.72
32.78,15.03
32.57,17.63
29.21,15.64
31.69,14.08
33.27,16.58
34.51,17.93
33.21,18.60
34.68,19.28
36.90,20.07
38.75,22.94
39.63,23.51
39.89,24.18
41.47,25.09
42.06,26.08
42.31,27.18
43.23,27.10
43.43,26.73
42.42,26.89
41.92,27.19
42.85,28.13
42.09,25.80
42.89,29.24
42.49,28.11
40.06,30.52
39.71,27.36
39.51,24.96
38.18,21.34
38.75,21.02
39.30,20.92
39.89,23.70
40.27,24.63
41.78,24.00
41.23,25.19
38.67,28.31
39.58,27.46
38.57,26.67
40.00,26.54
38.00,27.43
36.88,24.27
36.76,22.35
37.95,23.14
38.58,22.77
40.16,21.92
40.43,23.21
41.64,24.45
41.43,24.32
43.11,24.32
43.50,25.35
43.93,25.96
44.14,26.98
42.97,26.56
43.18,27.38
39.77,27.92
36.57,23.64
38.10,19.43
40.78,22.98
41.88,24.29
41.00,25.77
41.34,26.54
41.97,26.58
42.88,28.10
43.82,30.40
45.01,30.69
44.40,32.03
41.99,29.10
42.01,27.95
41.26,27.72
41.56,27.47
42.40,29.58
44.19,30.07
44.38,29.60
44.17,27.68
43.70,27.58
44.54,29.33
44.17,28.69
43.32,27.56
42.53,25.84
40.76,27.32
39.73,31.10
41.14,30.17
40.80,30.33
40.65,28.60
41.56,29.41
38.06,28.43
37.35,27.76
37.50,27.62
36.46,27.55
37.74,26.95
40.53,25.64
42.35,25.10
42.64,25.56
42.65,28.09
44.41,29.35
43.12,27.54
43.63,26.65
43.68,28.07
43.15,29.49
41.63,30.23
41.86,30.57
44.17,29.85
43.93,29.04
42.50,31.17
39.44,29.07
36.20,28.44
39.80,27.91
38.77,28.11
37.37,28.59
39.48,27.74
42.12,29.50
42.16,28.44
41.19,28.72
40.89,28.55
37.86,27.84
36.14,27.80
37.52,26.99
38.65,27.19
40.51,28.85
42.31,28.91
43.04,28.26
42.07,27.03
40.85,28.62
39.93,28.03
40.23,28.71
39.78,28.00
38.92,27.52
37.56,27.26
34.11,26.49
33.15,25.49
33.59,25.93
35.34,26.10
36.86,26.29
37.29,26.21
38.53,28.10
38.31,27.68
37.79,26.90
37.83,27.29
34.14,27.15
35.48,26.22
38.33,27.15
39.44,27.13
40.42,28.08
38.21,27.41
37.21,25.81
37.43,27.67
36.41,26.62
36.47,27.30
38.25,26.17
40.48,28.01
40.33,28.68
36.52,28.54
38.08,27.46
36.04,28.27
39.51,26.67
39.50,27.04
38.25,26.12
34.75,25.87
36.61,25.79
38.26,25.29
36.13,25.75
37.30,25.57
40.47,26.79
37.81,26.60
37.55,25.49
37.10,26.50
36.09,26.76
33.26,25.52
37.76,24.92
40.06,25.75
38.98,24.92
39.81,26.06
41.26,27.06
40.57,24.91
38.77,25.75
39.85,27.08
40.54,27.05
38.81,27.41
41.38,27.45
42.86,28.45
39.95,28.07
38.02,27.31
37.77,27.48
37.71,27.06
36.74,27.17
37.04,26.13
39.36,25.16
38.22,25.85
36.16,27.22
35.28,26.42
38.87,25.11
41.38,25.72
39.17,27.66
33.27,26.29
33.41,25.51
36.56,24.52
38.92,24.86
38.77,25.97
38.71,26.95
37.96,26.94
40.13,26.05
40.78,24.54
39.79,24.26
39.70,26.97
39.16,28.01
37.49,27.29
36.22,26.02
36.38,25.75
37.66,26.77
39.42,27.27
39.41,27.18
40.43,27.90
40.18,27.70
39.72,27.83
38.61,27.75
36.73,26.62
38.65,27.59
39.68,27.15
40.74,27.61
39.71,26.91
39.37,28.50
40.36,26.86
40.49,28.33
39.85,28.48
38.87,27.73
40.25,28.32
40.82,27.55
40.52,27.24
38.40,26.87
38.42,24.91
40.34,26.40
40.72,27.16
40.78,29.02
41.57,29.39
40.33,29.14
38.92,27.19
38.95,26.50
39.58,26.52
40.76,27.58
40.79,26.21
40.57,26.18
40.40,25.90
40.14,27.05
40.25,28.19
39.79,28.13
39.14,28.46
38.76,27.63
39.23,27.53
38.58,27.64
37.71,26.27
35.70,23.52
35.39,21.95
35.37,22.01
35.57,20.88
36.73,20.35
37.74,22.26
36.94,22.20
35.09,21.50
33.55,20.42
33.50,21.74
32.50,18.49
33.25,19.21
34.29,19.81
34.62,20.60
34.61,19.92
33.71,17.96
32.75,18.61
33.36,19.26
35.77,19.94
37.42,20.96
38.19,23.79
38.40,24.25
37.37,23.51
36.68,24.21
36.61,24.21
36.54,23.77
36.44,25.59
34.36,25.66
31.57,21.07
30.47,19.08
30.61,18.38
31.16,18.36
31.30,19.25
31.57,18.51
32.80,17.21
34.74,18.83
36.32,21.88
36.60,22.38
36.74,23.13
37.43,21.97
37.68,24.15
38.65,24.63
38.66,23.94
38.76,23.42
37.31,21.25
26.51,19.67
26.60,17.97
28.93,16.21
29.90,16.72
29.97,16.98
31.13,17.73
31.54,18.92
29.17,17.72
27.07,15.27
27.83,14.12
29.63,15.18
31.02,17.56
32.64,21.25
--,--
35.03,19.52
36.51,20.50
35.02,21.82
34.44,22.03
34.54,20.44
34.65,20.95
34.29,21.87
33.09,20.62
31.47,18.25
32.15,17.70
32.26,17.43
30.06,17.94
28.88,15.04
29.76,14.55
28.00,14.46
28.78,13.59
30.95,14.50
31.58,15.38
31.34,18.24
28.39,15.91
28.45,15.16
30.91,14.05
32.62,17.45
33.83,19.42
34.90,19.35
33.82,19.00
33.76,19.64
33.25,17.59
32.14,18.82
30.97,16.10
33.37,16.57
35.53,20.09
35.31,20.74
35.56,21.32
36.34,20.54
38.69,19.91
37.74,22.17
37.85,22.00
39.40,22.37
37.55,23.27
35.57,21.85
34.68,21.68
36.39,21.77
36.18,22.28
34.32,22.05
30.72,18.82
31.94,17.73
33.21,18.47
33.04,16.94
33.99,19.01
35.01,19.83
35.81,20.68
35.87,21.90
36.57,23.02
36.42,23.38
35.74,22.93
36.58,22.87
36.88,23.04
37.33,24.05
35.75,22.83
31.76,18.43
35.08,18.82
36.21,21.98
37.94,23.18
38.63,24.09
40.12,24.87
41.63,24.39
42.66,26.63
42.62,28.52
42.65,28.65
40.88,27.25
40.43,27.00
41.70,27.05
39.51,25.88
39.38,26.14
39.90,25.46
38.48,26.38
35.45,23.37
36.72,21.87
37.37,20.94
39.58,22.09
41.60,26.43
42.76,27.86
43.56,29.89
41.02,27.06
40.29,26.59
39.82,25.47
40.15,26.28
41.16,27.39
38.75,27.21
37.40,24.25
34.43,23.49
33.93,20.42
35.29,19.53
38.08,19.90
39.99,23.32
40.93,23.59
41.75,24.68
37.84,25.19
39.00,22.65
38.68,24.75
40.98,24.98
40.84,26.32
42.42,24.71
43.29,28.93
44.24,30.52
45.76,32.04
44.00,29.59
42.48,30.26
41.78,27.21
43.27,25.16
43.16,27.84
43.47,28.62
43.59,30.47
40.66,26.91
37.91,25.87
38.61,22.66
38.50,22.87
41.03,22.15
43.75,23.23
44.23,25.20
46.52,24.72
42.32,30.42
38.57,27.47
39.07,25.67
40.56,23.92
41.43,25.54
43.26,25.53
43.85,29.86
41.96,30.05
39.27,27.31
39.11,24.99
38.93,25.10
39.65,23.24
40.35,25.73
40.37,25.73
40.82,26.90
39.15,26.27
39.05,24.40
40.26,23.26
42.49,25.88
43.38,28.51
44.05,30.68
44.17,32.16
43.74,30.82
43.17,30.65
43.50,29.06
43.55,29.29
43.83,30.53
43.93,29.42
44.44,32.26
43.29,29.69
42.40,28.94
40.83,27.16
43.83,30.49
42.00,30.44
41.15,29.15
38.88,28.15
43.47,28.18
40.69,27.12
40.99,27.77
40.00,28.24
38.92,27.28
39.69,27.27
41.49,27.14
42.27,26.61
41.47,26.25
41.30,25.76
41.11,26.28
41.83,27.45
40.95,27.16
41.44,26.40
41.79,24.83
39.86,28.37
40.05,30.80
39.79,27.98
40.02,27.72
40.13,26.48
41.42,29.16
41.21,28.30
41.91,28.68
37.22,27.71
34.32,26.68
38.97,25.72
37.30,26.43
41.02,27.17
41.78,27.51
41.91,28.25
42.29,26.96
42.24,27.42
40.58,27.89
39.80,27.71
33.33,27.01
37.58,26.31
37.13,26.53
37.02,24.88
35.38,25.35
36.99,25.01
36.11,25.83
39.22,27.16
41.45,25.51
37.93,27.48
38.40,27.94
37.09,26.58
37.87,26.25
33.30,25.24
32.97,24.97
33.73,24.54
35.25,24.46
39.69,26.27
33.18,25.71
31.60,25.25
34.39,22.00
35.30,23.93
38.05,25.78
38.38,26.64
38.37,24.85
39.11,26.35
39.28,26.09
39.92,25.92
39.59,26.13
39.16,26.10
38.46,26.14
39.01,25.48
37.04,26.74
36.05,26.51
37.27,25.76
37.79,26.00
39.20,26.21
41.44,26.60
37.05,27.74
38.76,25.13
39.85,26.62
39.84,27.73
39.34,28.42
39.38,26.91
40.21,28.95
37.52,26.58
35.43,26.57
36.93,26.72
35.67,26.31
38.56,24.53
38.95,26.16
40.74,27.24
33.24,26.95
35.09,27.42
36.85,26.43
33.96,26.36
33.71,25.89
36.42,26.64
36.86,25.30
37.53,24.44
38.27,22.48
40.71,22.85
43.26,25.23
40.33,24.32
41.43,27.36
40.39,27.95
36.25,27.41
34.18,26.76
38.43,25.84
35.59,25.30
35.18,25.70
37.23,25.37
36.29,25.81
40.91,26.20
42.60,27.62
41.05,28.28
42.06,27.92
42.94,27.28
40.92,27.87
39.21,27.58
38.56,26.98
31.87,25.09
33.84,24.51
35.60,24.77
38.60,25.52
34.43,24.62
38.91,25.75
40.49,25.12
40.13,24.88
39.33,26.28
39.64,26.39
39.36,26.53
41.44,27.49
41.05,27.71
40.87,28.67
42.45,28.67
41.98,28.96
42.66,28.14
42.00,28.78
40.67,28.38
40.95,28.02
40.71,27.84
38.11,28.79
38.08,26.39
38.29,25.28
39.02,26.42
37.41,26.05
40.33,26.19
40.05,27.55
39.69,27.63
38.76,27.05
39.89,25.01
41.16,29.10
40.67,29.86
38.82,26.40
38.15,26.20
35.40,23.50
36.05,24.62
36.03,21.64
36.81,21.08
34.86,21.94
32.97,21.71
33.03,21.25
33.44,20.78
34.21,20.67
34.78,20.43
36.17,23.46
37.07,24.02
34.85,22.34
32.47,20.09
34.42,18.60
36.57,19.85
37.41,21.92
36.26,23.09
36.17,23.47
35.71,24.33
36.33,24.61
37.76,26.01
38.09,25.52
38.53,25.38
35.92,23.93
32.42,20.68
31.44,20.41
27.62,18.62
28.80,17.02
27.42,15.59
26.13,15.88
28.52,15.29
29.47,16.70
29.85,17.41
29.24,15.86
29.38,17.27
29.76,16.99
30.52,16.00
31.21,19.23
31.47,18.77
31.50,18.93
31.37,19.35
32.97,18.54
33.84,19.64
30.97,19.59
27.10,16.96
28.55,16.01
30.10,16.91
33.14,19.05
35.75,21.39
36.32,20.50
37.68,22.18
34.15,21.29
31.06,17.92
31.88,17.84
28.23,17.32
27.75,16.05
--,--
28.10,14.46
28.19,14.93
28.42,14.58
30.75,14.05
32.86,16.96
31.08,18.58
28.84,15.74
29.55,14.87
31.12,15.13
30.42,16.83
30.64,16.97
31.70,17.49
31.81,18.72
32.55,19.14
32.31,19.07
34.08,19.76
35.88,19.10
37.60,22.23
37.15,23.45
35.98,23.07
34.70,21.84
34.13,20.84
32.89,20.74
30.77,19.66
31.15,19.03
30.92,19.25
29.56,18.89
29.29,17.29
30.30,14.98
33.91,17.08
37.21,21.03
38.19,23.95
39.39,25.83
38.00,26.28
32.93,21.98
32.27,19.48
33.03,19.50
34.74,20.02
33.95,20.18
27.90,16.17
28.03,16.03
30.53,15.94
32.32,16.22
34.56,19.48
38.01,19.66
38.30,23.17
39.32,24.23
39.63,25.82
35.75,24.67
35.61,22.54
36.36,22.64
37.69,22.20
37.86,23.32
38.31,24.68
40.32,23.71
39.29,25.71
35.73,22.20
35.86,22.88
34.87,25.27
36.97,24.76
37.07,26.74
34.02,22.53
31.37,19.73
33.88,22.30
33.54,21.34
36.14,22.19
34.40,23.96
34.58,22.22
34.85,22.62
37.41,23.23
38.22,24.53
33.18,22.43
32.83,18.71
36.25,18.50
38.77,20.54
39.85,24.32
40.73,25.10
41.34,25.62
42.50,24.27
43.60,26.99
43.70,28.68
42.87,29.72
42.22,26.50
43.07,24.85
40.06,26.87
38.35,25.66
36.54,24.74
35.16,21.85
36.68,21.31
38.34,21.71
42.27,24.09
43.38,28.99
44.56,29.46
43.23,28.94
36.78,26.50
34.93,24.80
36.24,22.84
36.19,22.63
37.30,23.55
37.11,21.14
37.96,22.05
40.61,22.58
41.44,24.05
43.65,26.18
43.59,27.93
44.56,29.27
45.03,30.55
41.87,29.36
36.62,26.42
37.78,24.88
38.21,25.73
39.22,25.99
40.81,27.45
42.28,27.39
40.61,26.62
37.80,26.45
37.27,24.89
38.45,25.78
40.94,24.49
41.59,27.31
40.57,28.71
38.76,27.68
39.16,25.52
40.85,25.25
42.80,28.07
43.99,29.52
45.08,30.79
44.52,27.11
45.15,26.32
42.39,28.16
40.90,27.94
40.21,28.64
40.69,29.95
43.26,31.96
42.91,30.69
42.77,29.53
42.36,30.73
43.79,30.74
40.90,30.31
40.05,28.66
43.29,28.04
41.79,29.07
41.78,29.67
39.82,28.22
34.74,27.48
37.14,27.54
40.45,28.98
38.14,28.23
34.32,27.47
37.18,27.35
40.02,27.39
37.66,27.07
38.01,27.18
41.27,26.99
42.33,26.68
41.50,25.00
43.01,27.98
44.14,28.26
41.64,29.15
41.01,24.24
40.93,25.36
40.61,27.24
41.87,27.27
40.61,27.53
41.00,27.20
40.90,29.40
41.97,28.91
41.22,29.96
41.14,30.08
41.32,28.07
42.03,29.25
39.95,28.81
40.27,29.15
41.90,28.48
39.51,27.77
39.54,28.01
39.56,28.06
43.75,28.42
41.94,28.25
42.10,27.33
40.84,27.30
40.10,27.63
40.85,27.74
41.15,29.91
40.28,28.21
40.50,28.62
40.36,29.11
43.03,28.21
39.89,27.62
39.85,28.09
41.48,28.72
40.89,28.84
40.34,28.53
39.73,28.88
37.22,27.63
40.33,26.81
41.87,28.31
40.19,27.90
40.29,28.72
40.02,27.26
40.55,28.22
40.93,28.74
39.44,28.33
39.25,28.16
39.57,27.76
41.31,27.95
40.79,28.27
40.76,28.11
36.17,27.39
37.61,26.93
35.99,26.30
35.43,27.01
38.26,26.93
37.48,25.98
39.39,25.91
39.58,26.47
39.60,28.08
41.94,27.99
37.72,27.15
37.30,27.12
32.85,25.65
33.96,25.03
34.56,24.17
33.06,24.06
37.30,24.68
36.48,26.04
34.77,24.96
35.65,26.32
38.38,27.03
38.48,27.85
39.25,26.95
39.96,26.92
39.34,27.31
38.42,27.08
34.80,25.01
32.76,24.94
35.07,25.26
38.05,25.61
38.09,25.57
38.46,25.65
34.27,26.47
36.40,24.72
38.11,26.81
36.49,28.32
39.78,28.21
40.88,27.41
40.12,28.98
40.68,27.71
42.72,28.41
41.52,25.65
41.60,27.74
40.12,27.57
36.22,26.26
36.37,27.83
41.53,26.48
42.65,27.49
40.50,28.99
41.88,28.19
40.67,29.35
40.77,28.44
41.13,29.15
40.13,28.00
42.24,29.01
41.61,30.70
41.05,29.65
41.94,29.73
42.68,27.84
40.89,29.86
42.52,29.77
41.72,29.61
41.92,30.48
40.80,29.33
41.71,29.49
39.91,28.40
40.24,28.48
40.82,30.87
38.43,29.09
37.99,28.55
38.64,28.31
37.19,28.30
40.03,28.35
42.09,29.74
42.84,29.90
41.68,29.97
40.02,27.83
40.90,28.79
40.28,27.05
40.31,28.01
39.64,28.21
39.17,28.03
39.20,28.09
39.58,28.03
40.67,26.88
38.99,25.79
37.14,25.41
36.38,23.67
36.01,24.68
35.52,24.52
35.79,23.57
36.44,24.48
37.39,24.80
36.58,24.86
36.04,22.98
36.46,22.75
37.57,24.29
38.15,25.51
36.72,24.79
37.73,23.54
37.53,24.83
37.39,24.58
36.78,24.44
36.82,24.62
35.29,23.72
33.83,20.78
34.59,21.02
35.96,21.49
36.88,22.31
34.48,22.25
35.85,22.25
37.71,23.28
37.75,25.12
37.81,24.97
38.12,25.20
37.33,24.05
36.19,24.53
36.32,21.91
36.66,21.82
35.58,22.56
35.94,22.00
36.15,23.29
36.59,22.70
35.91,21.36
35.97,22.35
36.50,23.84
37.03,24.49
37.33,23.76
35.92,23.77
33.23,21.88
30.44,19.29
30.09,16.32
30.11,17.22
31.28,17.37
32.41,17.71
33.99,18.97
35.62,18.83
36.44,21.27
34.31,22.86
32.95,20.32
32.85,19.03
33.56,19.23
33.58,18.10
31.03,16.64
29.41,16.13
28.89,17.04
29.13,15.67
28.26,15.77
28.91,14.92
28.13,15.76
30.58,15.68
31.83,17.14
33.44,18.81
31.31,18.93
32.06,19.69
30.29,18.18
27.91,15.39
--,--
28.57,14.76
31.50,17.06
33.56,17.31
36.15,18.22
37.89,22.76
32.25,21.51
26.64,17.45
27.87,16.58
30.11,16.76
33.94,17.71
34.53,20.92
27.67,17.94
28.27,15.87
30.06,16.64
27.94,15.36
27.08,14.58
26.74,14.06
25.96,12.33
27.46,13.50
29.98,15.50
32.07,16.36
33.64,19.40
36.53,20.46
36.08,22.37
34.41,22.07
32.44,20.28
31.51,18.09
30.04,16.84
30.82,17.38
31.15,18.05
32.65,16.61
33.83,20.23
31.53,20.48
28.37,16.33
31.23,15.03
32.97,16.53
34.26,18.85
36.04,18.84
34.30,19.58
32.82,17.17
33.73,18.20
35.28,19.11
39.57,20.99
32.73,21.24
31.94,18.97
32.38,17.65
31.21,18.80
28.40,17.65
29.50,15.14
30.25,15.55
34.08,16.70
34.62,21.03
35.09,21.81
31.42,19.81
29.44,17.96
31.19,14.89
34.51,17.11
36.68,18.77
38.23,20.88
39.18,22.09
39.77,25.31
40.29,25.47
40.35,25.65
41.18,26.03
41.91,26.26
42.60,24.22
44.94,25.98
43.81,27.62
39.77,28.43
38.89,27.37
37.20,24.02
37.61,23.46
36.12,23.71
34.84,21.78
34.55,22.29
35.18,22.05
36.64,21.04
35.95,20.24
34.70,20.27
33.43,20.33
34.72,21.16
33.98,21.98
33.41,18.64
36.96,21.85
38.33,21.22
38.26,24.53
37.77,24.84
37.61,24.57
38.68,23.27
40.00,25.07
40.57,27.25
40.11,26.42
39.49,25.23
38.49,24.28
38.23,22.56
38.71,23.57
38.75,22.98
41.66,23.63
42.12,26.85
41.64,24.01
41.28,26.10
42.19,27.16
41.76,27.35
39.92,24.71
40.64,23.66
41.96,26.27
43.02,25.75
44.15,28.01
42.82,27.38
40.91,27.68
40.36,26.30
41.62,23.90
38.63,25.77
41.11,23.81
43.98,23.52
39.97,25.65
39.62,24.88
39.40,24.02
40.38,22.77
41.91,23.19
43.55,22.20
42.57,26.29
43.56,25.78
42.36,30.40
42.26,28.26
40.89,29.16
37.57,26.31
37.34,25.29
39.81,23.85
41.00,27.57
42.60,27.20
43.60,28.69
43.99,30.80
43.12,28.75
42.05,26.72
40.60,29.06
40.22,29.71
41.57,28.80
40.38,29.37
38.26,27.51
38.75,27.42
39.02,26.44
41.09,26.47
41.16,28.81
43.80,28.13
43.19,25.17
44.51,24.80
44.56,25.17
44.16,30.39
44.53,30.54
44.21,31.22
45.15,29.95
41.34,26.96
40.33,27.64
40.72,26.29
39.04,29.39
40.42,28.64
40.38,27.79
41.68,28.39
41.17,29.19
42.70,29.25
41.84,29.10
42.36,29.96
41.44,29.88
38.75,27.38
40.09,26.88
42.30,28.66
43.66,29.15
37.94,25.45
39.63,28.85
40.99,26.88
40.66,27.00
38.69,28.33
39.39,29.85
40.59,29.85
37.67,28.06
39.23,28.81
37.44,27.36
38.62,27.60
38.85,27.82
39.26,27.42
36.18,26.27
40.70,27.47
40.85,29.23
37.60,29.91
39.18,28.39
39.53,28.39
35.27,27.79
38.82,26.84
40.29,27.88
38.01,28.82
36.18,26.89
37.78,25.89
34.68,26.05
36.25,26.94
35.32,26.99
31.09,26.29
35.69,25.83
36.30,24.79
37.34,25.68
37.30,27.41
37.49,27.15
36.30,25.57
33.84,25.73
36.32,25.57
37.96,26.13
32.49,25.60
38.14,24.61
39.53,28.37
34.96,27.30
33.57,25.15
35.66,26.05
34.28,26.20
37.92,29.29
38.54,27.49
33.79,26.94
34.78,27.17
32.74,25.69
33.47,26.08
34.03,25.90
31.77,26.29
34.88,25.54
38.23,26.44
38.41,26.55
35.93,26.62
32.74,26.05
34.25,26.71
36.53,25.72
36.08,25.83
35.14,26.83
36.42,25.66
37.13,26.84
35.63,26.12
35.62,26.12
37.82,27.10
36.92,26.09
36.60,26.18
37.00,27.30
34.89,26.51
35.47,25.65
35.82,26.79
37.60,27.83
37.10,26.66
40.45,27.49
38.56,25.27
38.21,23.42
38.24,23.99
37.11,22.29
36.63,23.01
37.13,24.99
36.38,25.29
38.90,26.16
40.92,26.14
38.37,24.65
34.67,25.90
33.61,23.77
32.36,22.67
34.80,21.93
37.79,22.20
38.14,25.29
38.92,23.53
36.17,25.59
34.94,24.88
35.51,25.47
35.11,23.97
37.48,25.54
38.36,26.94
35.67,25.69
33.94,25.02
32.82,23.90
33.51,23.77
35.61,23.25
37.47,24.27
37.80,26.05
40.31,26.97
38.94,28.12
39.18,27.33
38.80,25.78
39.26,26.96
39.72,26.78
39.76,28.10
40.34,28.02
40.94,27.36
41.34,27.34
39.13,27.77
39.09,26.82
38.59,26.92
37.92,24.99
36.61,24.17
35.57,24.29
36.27,24.25
36.83,23.00
37.48,24.96
38.35,25.50
39.42,28.02
38.76,27.42
38.99,27.71
40.36,28.24
38.69,29.43
39.45,28.59
38.23,27.75
39.25,28.08
37.16,25.88
35.05,22.67
34.79,20.72
36.36,22.85
36.66,23.35
36.04,22.46
35.28,20.87
36.00,22.02
35.96,23.03
37.76,23.26
37.28,24.88
38.29,25.77
36.59,25.33
35.54,25.20
34.55,22.81
33.25,20.70
32.01,19.05
33.43,21.19
35.40,22.95
36.37,22.69
36.94,23.94
35.45,23.73
35.13,23.13
34.75,23.66
34.99,21.08
34.31,22.95
34.64,22.08
34.47,21.18
35.04,20.09
34.61,21.33
35.68,18.72
34.89,22.34
35.00,22.63
35.93,23.29
36.08,24.63
36.39,24.68
37.21,23.63
36.42,24.13
36.45,22.91
33.88,21.85
34.15,21.64
34.30,18.44
35.58,18.40
36.10,21.87
35.77,22.37
36.97,23.85
36.65,25.41
36.63,23.61
36.77,21.48
36.66,22.86
32.50,20.81
30.60,18.96
29.27,17.39
33.16,17.42
36.95,21.51
37.85,24.98
39.41,24.29
31.51,20.38
26.85,16.95
24.72,15.32
26.20,14.34
28.49,15.10
30.26,16.19
32.08,17.76
35.25,20.53
29.50,20.26
27.04,16.85
27.28,16.52
25.02,14.72
26.68,14.78
28.92,15.07
27.14,13.96
28.10,14.55
26.62,13.45
25.90,14.12
27.19,13.55
27.65,15.41
27.37,15.54
28.50,15.43
26.78,15.00
25.34,13.01
25.66,14.00
27.36,13.42
28.23,14.13
28.36,16.21
27.72,14.32
29.60,15.26
32.60,17.35
35.24,19.21
34.96,19.94
32.21,19.34
30.60,17.55
31.02,17.24
32.00,19.26
29.12,18.20
25.56,14.40
24.36,12.98
25.93,14.01
26.42,14.26
27.26,14.25
27.64,14.75
30.90,13.67
30.85,16.91
30.56,15.29
28.03,15.94
29.70,15.54
28.98,16.43
26.47,15.65
26.20,13.40
26.83,13.58
30.77,15.59
35.23,20.36
29.08,19.99
29.24,17.03
29.16,17.56
26.98,17.46
26.10,14.43
27.06,13.36
30.97,15.19
33.13,17.80
34.60,17.73
36.55,19.79
37.72,22.14
37.70,23.82
38.96,22.61
37.01,23.93
35.24,22.58
35.53,21.87
35.87,22.97
35.85,21.62
35.60,21.74
32.75,21.24
31.90,19.72
36.98,20.50
39.82,21.99
35.19,22.43
31.13,20.36
30.66,18.65
31.34,17.83
31.50,19.28
32.44,18.68
32.33,18.37
33.58,17.60
36.46,19.37
38.02,18.91
40.31,20.48
41.89,22.71
41.34,27.37
39.65,27.45
37.45,26.54
35.63,26.87
34.94,23.83
33.66,20.63
34.79,21.50
35.07,22.34
35.42,22.14
35.95,21.17
35.96,19.50
37.33,20.74
36.88,23.35
35.86,21.07
36.26,20.42
37.43,22.90
38.18,24.17
39.17,22.76
40.52,25.54
41.76,25.32
40.60,23.45
41.61,26.90
42.09,29.47
42.38,29.62
42.68,28.37
42.11,29.53
42.24,27.16
42.36,27.30
43.13,28.29
42.37,29.82
42.27,29.32
41.64,27.07
42.38,24.84
43.24,25.40
44.49,27.60
44.09,25.34
44.46,26.92
45.54,25.81
43.90,31.00
43.49,29.71
43.26,29.97
41.34,27.45
40.77,30.39
41.24,28.77
40.98,27.58
41.11,30.01
41.20,30.87
40.02,29.74
39.65,28.47
40.89,27.25
39.86,26.56
40.50,26.92
41.53,27.44
37.95,29.20
39.67,28.61
38.92,28.31
36.01,25.76
34.34,24.84
39.42,26.81
37.60,28.14
40.86,27.53
41.76,29.48
41.60,28.06
41.16,27.43
42.34,28.95
41.33,29.15
41.65,27.66
42.60,30.66
44.09,28.41
43.08,30.21
41.22,28.34
41.58,29.05
43.20,28.62
43.18,26.64
43.48,28.24
43.44,27.72
41.87,28.44
37.55,27.84
39.73,27.41
40.25,25.51
40.18,24.36
41.56,26.67
42.54,29.28
42.78,27.32
41.40,26.06
41.23,25.44
39.61,26.53
40.67,29.45
40.57,27.25
41.14,27.56
42.26,28.68
41.35,29.69
40.72,28.39
39.99,27.43
40.04,26.66
37.71,26.16
36.30,24.42
37.50,25.63
38.08,24.34
38.94,23.75
42.05,24.20
39.34,26.86
40.03,25.72
41.38,28.57
37.46,27.35
37.89,25.79
39.33,27.39
36.12,26.54
37.29,24.92
39.30,27.65
40.48,26.68
35.89,25.65
35.66,26.47
37.52,26.89
38.99,27.42
39.24,26.96
38.76,27.29
38.29,27.19
38.39,27.10
39.12,26.78
38.02,26.61
39.52,27.66
39.26,27.02
39.77,27.36
40.00,28.02
37.89,26.87
38.48,26.91
38.20,27.20
40.19,28.00
39.47,27.98
40.24,27.51
38.07,27.27
35.07,25.20
34.80,24.75
35.70,25.66
33.63,24.92
32.46,24.85
34.98,24.47
39.65,25.65
41.37,27.07
42.24,28.95
37.24,27.77
36.97,26.71
35.65,26.86
39.04,26.46
34.07,25.42
38.53,26.05
38.65,26.79
33.94,25.82
35.22,24.96
36.73,25.75
39.59,27.20
40.48,28.17
36.04,25.41
38.38,27.02
41.74,28.36
41.99,26.49
39.34,26.65
39.07,26.74
41.61,28.58
38.16,26.94
38.24,27.80
40.14,25.55
33.38,24.26
34.45,25.54
34.80,24.10
38.51,26.41
39.56,23.50
35.80,22.34
38.43,26.07
40.03,26.03
37.19,25.33
36.50,25.57
38.84,27.56
37.94,27.15
37.45,26.70
36.69,26.61
37.29,25.19
38.48,26.84
38.42,27.65
39.23,25.16
41.33,27.31
41.59,26.62
37.20,26.41
38.11,27.20
38.07,26.24
34.75,24.97
35.23,24.84
35.74,25.55
37.85,25.30
40.14,27.24
38.28,25.93
37.73,27.13
38.97,28.70
40.73,27.03
42.70,25.91
41.86,25.02
40.06,26.12
40.52,28.06
40.34,29.07
39.86,27.28
41.91,29.42
41.37,25.74
38.06,25.56
39.41,26.94
40.63,26.07
40.72,25.99
37.62,27.56
35.15,24.47
33.13,21.89
34.79,20.91
37.11,26.46
38.52,27.16
39.19,26.38
39.28,26.89
38.20,26.82
37.85,24.99
38.19,25.67
37.18,25.46
34.94,22.70
34.54,20.43
35.44,21.35
35.75,23.54
37.34,24.81
37.40,25.26
36.12,25.31
35.78,22.99
35.47,23.38
35.65,21.60
37.16,22.19
37.74,24.49
36.96,23.97
36.30,23.36
35.13,22.03
34.63,21.19
33.75,20.28
34.16,21.03
34.79,22.59
35.30,23.06
33.12,21.99
35.34,21.41
36.05,21.75
36.75,22.32
37.18,23.92
35.21,22.50
33.57,20.41
34.04,18.83
33.76,20.73
34.62,20.28
35.94,19.04
34.42,18.43
34.60,22.66
32.99,21.47
30.61,18.69
29.01,16.61
28.39,15.72
28.14,16.22
28.72,15.73
28.68,15.97
30.51,15.46
31.78,18.53
32.25,17.01
31.61,18.60
32.46,17.45
30.89,18.29
28.15,17.29
28.12,16.29
30.11,17.51
31.89,17.60
31.82,18.83
30.91,19.70
31.54,18.64
31.71,20.13
31.68,19.07
32.24,19.63
31.81,18.85
27.38,17.70
27.94,15.69
29.29,15.45
30.54,15.71
31.08,16.25
31.96,17.26
--,--
33.59,20.14
35.59,19.81
34.47,21.90
31.92,20.35
32.28,18.96
35.09,19.94
35.51,21.90
33.26,22.05
29.72,18.97
26.43,15.28
27.64,15.11
29.10,15.67
29.78,16.55
28.83,16.24
27.83,14.94
29.33,15.54
29.64,18.11
28.81,17.59
27.25,16.11
30.36,16.62
32.42,17.91
34.12,19.51
34.21,21.12
34.64,20.80
35.33,19.68
36.56,21.01
35.12,23.62
30.53,20.48
30.14,18.43
32.89,19.10
35.07,19.98
34.34,20.59
31.20,19.57
31.10,17.41
28.07,17.66
26.19,15.81
24.82,14.15
26.06,13.02
28.35,14.13
29.24,15.35
28.29,16.30
28.85,16.42
27.94,18.91
29.56,18.73
31.51,18.07
31.52,18.54
32.48,18.21
33.58,19.37
34.37,20.34
33.33,20.22
30.32,19.14
27.13,17.02
26.27,15.00
28.59,15.44
28.74,17.58
26.14,16.32
25.60,14.62
27.34,14.16
29.45,14.24
31.92,18.53
33.55,20.14
35.11,21.39
36.28,21.64
36.36,20.61
34.88,20.88
33.34,19.95
31.83,19.07
32.84,19.72
30.90,19.48
29.05,18.06
29.71,16.69
30.12,17.44
31.89,17.73
36.02,20.42
36.59,22.88
36.94,23.08
35.31,22.91
33.05,20.98
33.67,19.66
33.86,19.15
34.60,20.96
35.97,24.61
34.95,23.54
32.91,23.30
34.28,21.93
36.64,23.65
37.55,22.40
38.81,23.68
39.02,23.99
38.82,25.02
37.75,24.83
37.51,24.01
36.91,23.34
37.57,22.14
38.40,22.56
39.69,22.96
40.60,24.30
40.11,25.18
39.85,24.89
41.27,24.04
43.40,26.68
43.40,25.09
44.77,26.23
43.42,28.05
45.06,29.79
42.91,30.68
40.70,28.35
40.56,27.61
42.41,25.91
43.47,23.60
44.61,27.74
45.07,30.83
43.59,31.15
43.35,29.20
40.99,28.02
41.24,27.96
39.77,27.68
40.39,26.35
42.26,29.34
41.51,30.57
41.75,27.29
42.83,29.43
42.83,31.65
41.53,31.42
42.85,31.37
43.24,32.08
43.21,32.33
43.27,29.56
42.68,29.83
42.26,28.93
44.18,28.96
44.09,28.73
43.08,29.86
42.48,28.12
43.77,26.42
44.73,27.23
43.53,29.97
44.06,30.35
44.12,28.50
43.00,29.71
41.04,29.46
39.45,27.08
40.91,25.28
41.00,25.19
42.53,27.90
43.44,29.20
44.59,29.46
44.08,29.61
43.20,27.46
43.53,27.97
43.23,28.22
42.81,27.20
42.69,29.57
41.57,28.93
42.33,30.01
41.30,28.39
42.33,29.44
43.42,28.85
44.69,29.14
43.77,29.12
43.11,29.86
43.24,32.11
43.84,30.08
42.81,28.36
43.59,27.05
42.46,29.12
43.38,29.42
43.83,30.08
42.66,31.15
42.06,31.39
43.11,30.78
41.05,28.50
39.10,27.45
40.60,25.19
42.78,30.71
42.08,28.28
41.56,29.57
43.26,29.54
42.01,31.19
41.57,31.36
41.22,30.87
40.60,28.50
38.88,28.47
41.18,28.94
40.55,28.71
39.89,28.41
37.92,27.82
35.38,27.10
35.26,26.10
36.79,25.69
39.31,26.30
36.29,28.06
40.13,26.64
40.89,27.92
38.67,28.28
40.42,29.33
38.70,29.36
39.30,27.17
35.08,26.30
36.62,27.69
40.31,27.16
42.29,28.40
37.46,25.94
38.90,27.36
40.75,28.77
41.61,27.71
38.46,26.66
35.78,25.95
38.89,25.95
39.13,27.43
39.79,26.96
38.79,27.21
39.04,26.19
42.21,28.54
42.24,26.51
38.99,27.95
39.78,29.66
41.40,29.19
40.71,27.52
39.38,28.34
40.05,28.18
40.92,28.71
38.67,28.15
39.57,28.83
41.47,27.77
40.98,27.57
39.51,27.20
40.33,26.19
40.58,27.07
39.96,28.33
41.42,27.33
40.94,28.33
41.82,26.78
41.30,28.63
40.91,28.83
40.97,30.47
42.76,30.83
40.20,28.00
41.01,27.03
40.10,28.99
40.29,27.59
41.06,29.47
40.80,27.78
40.10,29.75
38.63,28.48
40.69,28.86
42.23,25.95
39.50,29.19
39.19,28.31
39.14,26.32
41.68,28.68
43.29,29.10
40.73,28.45
40.09,29.75
38.05,28.90
40.73,28.35
42.42,27.19
41.46,29.14
40.38,29.50
41.36,27.73
40.53,30.01
39.23,27.11
39.16,29.51
39.89,28.70
40.26,27.41
38.89,24.64
40.03,26.94
40.80,28.00
42.37,28.63
38.86,28.08
37.16,27.03
39.56,26.40
39.47,25.32
40.20,28.89
40.78,29.04
42.26,29.34
40.43,28.78
40.65,27.32
42.07,29.56
43.25,29.50
41.41,28.24
39.75,29.41
38.40,29.47
40.13,29.61
40.72,28.86
42.61,29.66
41.30,28.93
39.17,27.57
40.51,29.65
41.57,31.21
40.89,28.19
38.82,28.30
38.78,27.66
39.51,27.16
38.95,29.18
40.61,29.87
40.05,28.53
40.78,28.33
40.19,28.79
37.12,27.45
35.68,25.84
36.98,24.18
39.03,23.99
40.38,26.71
40.62,28.27
40.49,28.53
39.60,28.18
38.99,25.88
38.96,24.80
39.70,26.11
39.26,25.47
39.74,25.62
38.84,23.83
38.20,23.82
36.43,25.85
35.35,23.77
35.28,24.59
36.86,24.95
37.84,24.52
37.52,26.32
37.99,26.06
39.13,27.43
39.15,28.01
39.15,26.86
38.15,27.45
39.45,27.03
36.62,26.60
36.01,23.94
35.80,23.53
35.94,22.89
36.20,23.30
35.56,25.46
35.18,24.51
34.97,23.38
37.13,23.06
38.31,24.28
38.37,24.58
38.25,24.51
37.61,26.12
37.92,26.17
38.15,25.47
37.84,22.87
37.76,24.20
35.65,23.82
35.24,22.39
35.51,24.09
35.77,22.26
36.58,21.88
35.14,24.24
35.06,23.37
36.00,22.56
33.72,23.63
33.46,22.85
33.45,21.36
33.57,22.15
33.87,22.65
34.10,23.48
35.37,22.95
34.92,23.00
34.34,22.08
34.57,21.82
35.10,21.99
34.51,22.53
33.57,21.82
32.26,21.24
--,--
27.52,18.87
25.48,18.77
28.80,19.11
28.95,18.68
28.83,17.51
29.45,17.29
31.10,16.64
31.58,18.59
31.28,18.17
31.47,19.48
29.17,18.29
29.07,17.03
27.22,16.78
30.08,16.68
32.56,19.50
33.48,20.30
33.83,20.25
33.14,20.26
31.96,20.30
33.39,20.33
33.04,20.39
31.77,20.16
31.25,19.74
30.48,18.36
28.32,16.71
27.56,15.40
26.24,15.30
28.28,15.43
30.50,16.39
31.76,16.13
30.09,18.27
29.74,13.81
30.10,16.04
30.26,16.40
33.07,17.28
35.79,20.76
36.90,20.35
31.23,20.63
27.49,17.11
29.89,16.90
31.29,17.55
30.65,17.53
29.51,16.09
31.69,16.80
31.73,17.77
33.18,20.06
34.29,19.85
35.60,20.83
37.89,21.79
38.54,25.28
36.74,22.77
38.15,23.06
39.66,24.49
40.18,25.29
40.18,26.59
40.61,24.95
34.90,23.83
33.10,22.12
30.91,20.17
32.87,19.15
34.04,20.56
35.18,21.59
38.28,25.64
34.62,23.67
27.83,18.85
29.61,16.64
33.26,17.50
35.54,21.44
36.57,22.29
37.68,20.58
37.37,22.55
37.03,23.36
37.03,22.23
38.94,23.41
39.57,25.66
42.01,23.77
43.83,26.76
43.12,28.32
44.30,29.20
44.31,32.00
38.01,27.43
31.03,22.58
32.75,20.33
35.88,21.81
37.61,22.11
40.00,23.04
40.08,25.32
39.01,24.49
39.72,24.72
40.14,28.43
40.37,26.33
41.57,27.17
42.49,27.26
43.11,28.23
41.31,28.04
41.42,31.42
41.07,30.54
37.97,29.90
39.14,28.51
36.68,25.97
37.74,25.10
39.29,26.94
39.76,25.57
40.94,29.63
42.21,30.61
41.56,29.40
38.76,27.60
39.83,26.47
41.91,26.94
42.77,29.73
43.90,29.39
42.13,28.50
42.36,30.30
43.56,28.99
42.95,29.93
45.06,28.81
44.11,30.27
43.21,27.94
43.02,30.99
44.49,29.78
44.36,27.54
40.62,30.06
42.00,26.91
42.73,30.44
43.12,29.04
40.66,27.85
42.14,28.19
40.60,29.38
37.87,29.09
39.45,27.52
43.08,31.32
44.17,30.84
41.71,29.82
42.09,29.76
42.29,31.72
42.07,30.93
44.30,31.69
41.66,29.53
42.04,30.55
43.88,30.57
40.14,30.02
42.20,29.88
40.58,28.44
41.61,30.03
40.83,31.16
41.46,29.61
41.93,29.75
43.81,31.33
39.90,30.07
41.79,29.19
42.10,28.12
39.39,29.83
41.72,27.97
43.74,28.91
43.25,28.81
42.34,29.69
41.67,29.53
42.45,30.01
41.66,29.44
41.78,29.56
41.52,31.01
43.07,29.87
43.53,26.32
42.33,29.16
41.30,25.73
42.73,27.54
39.61,26.33
42.13,28.00
43.25,28.01
40.48,27.79
41.34,30.10
42.22,29.25
41.91,28.84
42.94,29.11
40.72,29.13
39.12,29.29
41.52,29.43
39.91,29.29
40.23,28.05
40.29,28.92
41.92,29.56
40.54,28.09
41.68,27.29
40.74,28.72
40.73,26.84
40.30,29.33
41.62,29.64
40.48,28.29
39.62,27.89
39.63,28.78
40.43,28.51
42.21,27.84
38.21,27.48
38.66,28.99
38.58,27.33
31.86,26.07
37.31,25.55
38.14,26.47
40.51,29.38
39.93,28.18
37.72,26.91
35.32,26.41
37.64,27.00
34.73,26.13
35.74,26.48
38.56,26.86
40.54,30.01
37.35,26.13
32.42,25.28
36.53,24.81
36.05,24.74
37.76,26.54
35.53,24.27
38.70,26.69
38.36,25.98
38.73,26.22
32.91,25.57
32.99,25.04
37.01,25.09
36.44,25.77
33.75,25.07
33.84,24.90
35.89,25.23
36.15,25.52
35.70,25.33
34.48,24.55
37.60,26.11
35.39,26.26
33.15,25.72
38.41,25.16
40.06,26.70
39.86,27.04
37.74,26.94
40.38,27.48
36.54,26.53
38.18,25.98
38.01,26.18
35.79,26.22
38.59,26.52
38.27,26.42
40.52,27.19
40.26,28.17
40.28,25.92
37.58,25.75
39.66,26.69
41.40,26.34
36.86,25.30
38.46,24.96
40.30,27.50
41.76,28.59
39.42,27.13
38.76,26.13
39.54,24.83
39.88,27.33
39.88,25.95
39.73,26.08
39.82,27.71
38.61,27.65
40.04,27.45
41.25,29.69
40.41,28.73
40.07,27.84
38.71,26.36
39.51,25.81
41.38,27.67
38.69,27.10
36.20,25.81
37.25,24.88
40.13,28.55
41.89,27.24
35.81,26.19
35.71,24.60
39.75,27.04
42.39,29.69
39.41,27.20
39.49,23.66
39.22,22.95
39.57,25.85
39.72,25.71
39.56,26.16
40.23,27.62
41.28,28.20
40.02,27.94
39.79,27.69
37.94,26.02
36.89,27.64
37.63,26.46
39.40,27.22
38.81,29.59
39.67,27.43
40.09,26.73
39.68,26.03
39.00,24.53
37.99,26.66
39.77,27.19
39.31,27.63
39.58,26.86
38.72,26.11
37.61,25.13
39.39,27.71
39.68,26.35
39.31,28.34
38.43,27.01
37.77,25.98
37.75,26.23
37.63,24.27
36.76,23.01
34.43,21.60
32.54,20.66
33.22,19.87
34.16,22.09
35.12,20.20
35.72,20.92
35.79,22.55
35.85,23.13
35.36,24.69
35.06,24.31
35.24,23.12
36.68,24.23
36.31,24.16
35.60,22.69
35.31,23.06
35.92,23.61
36.10,23.60
36.29,23.99
34.81,25.02
33.54,22.49
34.45,22.61
35.02,23.03
35.62,24.39
36.60,24.33
37.07,24.52
33.29,21.27
28.46,17.59
29.09,16.29
30.95,14.55
31.80,17.12
32.62,16.73
32.32,18.62
33.07,18.67
34.48,19.31
35.35,20.59
33.78,22.40
32.90,19.92
34.62,20.81
32.33,21.42
28.73,17.73
26.40,15.42
23.92,13.15
25.59,13.44
28.71,15.36
29.30,17.05
28.88,16.28
29.55,15.14
27.74,14.88
29.34,14.87
29.67,16.45
30.98,17.64
28.18,18.15
27.23,15.69
27.11,13.81
26.84,14.36
29.05,14.91
29.57,16.03
25.47,15.04
--,--
23.63,12.58
21.13,11.50
19.37,9.96
22.64,8.82
24.66,11.28
25.82,14.08
27.73,13.05
28.91,15.76
28.61,16.18
25.01,14.10
22.79,12.12
26.85,11.67
28.02,14.64
29.93,15.79
30.39,17.35
28.85,18.79
27.57,16.69
27.40,15.24
28.82,15.23
30.34,15.86
30.72,17.44
30.01,18.29
29.39,17.32
28.87,16.17
30.26,17.17
30.79,17.85
34.25,19.24
36.48,19.73
38.91,20.07
32.29,21.18
31.12,17.98
31.18,19.04
30.91,19.78
31.12,20.36
27.52,17.92
25.59,14.18
28.42,14.90
27.73,15.11
27.70,15.77
26.46,14.68
25.89,15.07
24.85,13.67
27.23,13.68
27.68,15.03
28.22,15.16
30.86,16.90
31.60,18.05
28.39,17.43
28.55,14.69
31.62,16.34
32.80,19.37
35.03,19.72
35.41,21.02
37.34,20.12
25.37,15.01
22.02,12.31
25.45,11.99
27.59,14.56
28.57,15.72
30.48,16.80
30.21,17.04
29.26,17.84
29.93,15.88
30.62,16.83
32.14,18.08
33.61,18.79
34.97,20.62
37.59,21.28
38.85,24.66
40.10,26.10
41.57,25.75
44.03,26.06
43.57,29.08
37.45,28.13
34.24,26.92
31.95,24.24
30.61,22.96
34.83,20.90
35.21,21.44
34.66,21.66
37.22,22.61
35.99,23.95
36.06,25.86
36.67,24.24
39.37,24.53
40.24,27.52
38.37,26.55
39.94,24.72
43.23,27.22
44.90,24.31
40.29,27.89
38.81,27.58
39.96,27.03
41.10,26.84
40.41,25.36
39.88,24.72
37.77,24.14
38.76,22.44
40.68,22.50
41.80,25.28
43.50,26.51
44.40,27.46
45.17,28.70
45.88,29.60
44.85,30.95
42.58,32.43
41.82,31.08
41.33,30.51
41.83,29.65
42.96,26.84
43.07,26.58
42.61,25.43
43.13,28.44
41.63,29.55
39.41,27.55
35.51,25.11
34.68,23.39
36.89,21.40
37.34,22.36
38.26,22.60
38.71,23.68
39.04,24.30
40.71,23.34
43.01,26.01
43.91,27.27
44.53,27.60
45.38,27.13
44.50,26.82
44.00,30.23
42.19,28.14
40.51,26.72
41.31,27.97
41.32,26.95
42.89,27.78
44.09,27.60
44.34,28.22
44.31,29.11
44.99,31.96
43.03,31.96
40.08,31.71
41.91,30.76
41.78,29.10
39.39,29.25
38.65,27.29
39.05,27.17
41.35,25.19
42.66,25.49
45.26,28.20
45.34,33.89
41.96,31.79
42.33,29.12
38.35,29.90
40.17,27.34
41.57,29.04
42.64,27.01
42.58,29.07
43.23,29.06
42.86,30.26
43.58,29.61
40.06,28.82
41.45,28.04
43.50,25.66
40.85,27.63
43.07,30.05
39.94,28.93
40.63,31.00
41.54,30.65
42.59,28.68
42.02,28.94
42.67,27.79
42.47,25.52
42.47,28.44
43.86,28.63
41.79,28.85
39.96,29.71
41.01,28.48
41.51,26.09
41.58,27.31
41.52,28.06
41.54,27.40
39.33,27.61
39.09,28.91
37.96,27.73
40.57,28.57
39.03,26.24
40.50,28.23
34.95,27.07
37.89,26.88
41.11,28.37
42.26,28.90
38.75,28.41
40.72,26.88
39.81,28.88
41.06,28.00
39.68,26.13
41.40,28.22
39.68,28.70
37.30,27.45
37.58,28.43
38.27,27.35
40.82,28.52
40.11,27.32
36.80,26.43
38.07,28.71
41.00,27.64
39.09,25.92
38.72,26.79
40.36,29.21
38.75,27.91
34.19,28.04
35.68,27.38
34.24,26.30
34.59,25.37
37.56,26.82
35.45,26.18
33.22,25.36
35.44,24.92
36.26,26.35
37.05,27.89
34.91,25.81
36.45,25.68
38.86,28.66
41.72,28.35
41.08,27.62
36.51,27.93
37.49,27.49
36.30,27.15
32.89,25.74
34.14,25.04
36.13,27.07
38.76,27.00
35.32,27.00
32.80,23.71
33.26,23.47
32.62,24.80
34.46,26.29
34.02,25.89
38.21,26.59
41.49,27.20
39.20,27.64
39.99,26.39
37.95,27.43
37.40,26.70
30.70,24.54
32.28,24.06
35.44,24.80
38.68,26.71
38.14,24.97
37.67,27.18
36.58,26.19
38.76,26.93
39.06,26.35
35.62,27.01
36.85,27.43
38.19,25.68
38.02,26.71
38.61,26.66
37.85,24.95
38.97,26.51
40.27,26.83
40.69,26.93
39.55,27.84
36.53,25.99
38.32,27.52
38.22,26.55
39.87,26.59
41.82,27.17
38.76,27.31
37.19,25.03
41.93,26.67
41.22,27.00
39.90,27.69
39.19,28.40
40.49,26.65
40.40,26.62
40.63,29.18
38.70,28.60
38.25,28.28
38.96,27.80
39.60,26.94
37.24,28.38
40.29,28.28
41.06,30.82
41.19,28.86
37.67,25.30
38.71,23.94
41.99,25.71
38.67,25.74
39.19,28.47
41.33,27.01
39.77,24.01
39.01,26.80
40.05,25.24
39.73,22.25
39.16,25.30
39.62,26.05
37.71,21.89
39.74,22.92
38.58,28.29
39.76,24.79
39.29,28.21
39.33,26.22
39.66,28.19
40.32,30.71
40.38,29.65
39.60,28.77
38.23,25.75
37.05,23.40
37.05,24.09
38.15,23.68
37.74,25.29
38.18,26.34
37.27,24.75
35.53,24.25
33.38,20.84
33.33,20.37
32.66,19.96
32.48,19.03
32.65,19.06
34.50,19.66
34.42,21.38
35.47,23.63
35.51,23.82
37.60,24.79
36.36,23.43
33.71,22.91
32.49,20.88
32.70,19.91
32.55,20.64
32.77,22.04
30.18,19.61
28.40,17.33
26.63,15.44
28.26,15.80
30.17,14.79
31.73,18.35
31.31,19.82
30.05,17.56
29.33,18.00
30.09,15.61
31.00,18.42
32.81,17.39
33.54,18.62
35.00,19.82
35.83,22.60
35.45,23.66
35.90,23.02
36.25,20.77
33.48,21.16
30.68,17.52
26.93,17.38
27.50,14.83
29.71,15.54
30.69,16.93
30.49,15.94
27.17,16.89
25.47,15.36
26.49,13.42
26.53,15.56
26.23,13.47
28.34,16.17
29.85,16.82
32.70,16.35
35.20,18.03
36.16,20.81
35.78,21.84
36.47,23.48
37.01,23.63
34.59,22.12
35.76,21.11
38.34,23.03
40.91,25.16
34.63,22.52
29.55,19.06
28.00,17.95
27.40,17.74
25.86,16.36
23.45,14.00
24.53,13.58
26.20,12.59
27.91,14.75
30.07,14.27
29.68,15.67
29.75,15.86
27.05,15.62
26.49,13.22
26.23,13.08
26.74,13.55
26.94,13.42
27.65,14.05
28.37,14.55
29.49,15.13
32.22,17.48
34.22,18.54
36.02,22.02
35.74,22.63
30.79,19.58
27.80,16.19
28.41,15.00
25.02,14.92
22.10,12.58
21.55,10.37
23.20,10.90
25.27,10.12
25.96,13.50
27.43,14.18
28.66,16.82
27.64,14.06
30.42,14.06
33.01,17.12
33.53,19.52
32.83,19.94
33.90,20.09
36.22,20.48
37.33,21.39
39.87,23.09
38.68,25.29
33.60,22.66
33.66,21.32
32.70,20.76
33.28,19.35
35.51,20.28
37.41,20.26
39.01,22.21
40.96,22.63
40.64,25.73
40.25,26.48
40.05,24.63
40.70,23.97
39.94,25.42
38.28,23.28
40.16,22.10
41.58,20.85
40.62,24.67
40.35,24.61
39.45,24.59
36.28,24.41
34.52,20.96
35.84,19.76
37.76,23.51
37.39,23.90
36.86,22.60
32.04,19.09
31.89,19.31
29.25,21.49
29.85,21.13
31.55,18.30
34.77,18.70
37.28,21.12
34.82,23.92
35.87,23.47
37.63,21.48
36.76,21.33
37.19,22.50
37.21,23.30
35.46,21.82
36.49,19.57
38.70,19.06
39.94,21.24
42.68,25.31
42.64,24.55
41.57,26.72
38.25,28.67
36.60,27.41
38.40,25.01
39.15,25.21
39.23,25.91
39.08,25.08
37.23,24.06
38.33,20.90
40.01,24.84
40.78,26.59
39.79,26.51
39.89,27.19
40.38,25.77
42.47,28.25
43.28,30.15
43.95,27.99
42.47,28.31
43.80,27.54
42.14,30.38
40.97,30.63
38.63,25.88
38.89,23.07
42.17,24.23
43.82,24.26
44.87,27.50
44.99,27.78
45.56,27.35
46.27,28.49
44.98,28.82
44.22,31.26
42.46,27.69
43.34,28.88
44.79,28.05
44.18,29.53
41.73,29.15
39.06,26.74
38.57,25.89
40.02,23.87
41.53,24.06
43.36,26.10
45.55,29.65
42.30,28.87
43.17,29.82
35.67,29.56
38.29,28.38
40.81,28.39
41.15,29.74
42.11,30.79
42.14,31.10
43.81,30.55
44.18,29.88
40.43,31.51
40.95,30.07
41.04,29.31
36.62,27.53
36.38,26.86
42.34,28.95
39.89,28.12
39.92,25.94
40.00,27.51
39.78,28.80
40.97,29.63
40.19,28.14
40.07,27.95
40.67,26.08
40.38,25.56
40.32,26.72
42.42,26.25
40.99,27.36
41.27,27.76
41.40,26.21
42.97,26.33
42.94,27.28
39.49,28.81
41.57,28.94
40.39,25.08
40.57,26.98
43.41,26.05
43.01,26.70
41.92,27.12
40.35,26.50
39.48,28.22
38.94,29.40
40.12,28.65
40.11,28.74
40.34,27.65
40.54,26.02
41.40,26.51
40.17,27.36
40.36,28.44
38.95,29.40
38.27,26.77
38.94,27.86
38.51,28.27
40.60,27.31
36.25,26.59
35.73,27.96
38.99,27.28
38.26,27.91
34.66,26.42
35.55,24.64
34.75,23.81
37.36,25.54
36.82,25.10
38.78,25.84
38.39,26.18
40.28,27.50
41.28,28.87
40.09,27.34
37.19,27.33
38.62,26.59
39.19,28.00
40.76,28.19
39.03,27.18
39.25,27.45
39.69,27.29
38.81,27.16
39.08,26.64
40.21,26.77
38.82,27.86
38.51,26.80
38.37,28.01
36.35,28.03
37.47,26.30
39.51,27.24
39.37,27.77
37.07,26.71
36.39,26.09
34.88,25.67
34.66,25.07
34.01,24.54
35.63,24.05
36.15,26.14
34.46,25.04
35.02,24.97
36.01,25.70
37.89,25.85
38.78,26.04
38.02,24.93
38.89,26.48
40.16,27.04
38.66,25.64
35.89,24.94
37.11,24.68
37.66,25.89
38.85,25.19
38.93,26.95
39.98,27.66
38.25,28.41
38.85,27.80
39.78,27.26
40.09,26.09
39.13,27.49
40.16,27.94
41.08,28.76
40.10,27.76
39.72,28.38
38.80,27.56
34.33,27.15
36.27,26.52
36.96,26.42
38.22,26.08
35.67,27.10
38.12,26.67
36.91,26.41
38.20,27.22
40.40,27.45
40.11,27.24
37.33,26.37
37.73,26.69
39.09,26.53
39.90,27.09
40.60,28.24
39.84,26.97
40.61,26.76
40.58,27.32
40.64,28.41
39.22,26.42
39.56,29.32
40.79,29.14
40.43,29.09
38.69,28.27
40.14,28.54
40.99,29.16
39.96,27.85
39.45,24.89
41.07,24.62
38.62,25.22
39.88,26.17
40.72,27.26
40.20,26.28
40.04,26.12
40.41,26.94
38.62,27.40
41.43,27.87
41.10,28.57
41.40,26.57
39.16,26.71
38.07,29.03
38.89,30.49
39.07,28.18
37.83,28.63
38.31,26.37
38.10,26.24
39.16,23.67
39.02,23.30
37.78,24.70
37.73,27.08
37.62,26.11
37.75,26.70
37.19,26.11
36.72,27.00
36.47,25.07
37.00,24.74
38.00,25.61
38.61,27.61
37.94,27.05
37.36,25.96
37.86,25.71
37.87,25.91
36.64,25.03
33.01,22.13
34.20,20.61
34.31,19.83
34.95,21.69
35.87,23.40
36.80,24.01
37.33,22.84
37.39,23.70
36.94,24.38
36.64,23.16
35.56,22.55
35.34,24.50
34.95,23.44
34.99,22.99
34.79,22.26
35.17,21.82
36.57,21.05
37.85,23.68
38.10,25.22
37.67,24.92
37.49,23.79
36.75,24.95
35.78,22.15
33.42,21.39
31.53,19.37
31.31,18.31
30.81,18.87
30.02,19.18
29.92,17.00
28.89,16.87
28.79,16.03
31.37,17.97
31.19,20.24
32.11,18.95
32.86,18.96
34.64,19.68
33.90,21.56
33.16,19.85
32.87,19.63
29.50,18.54
28.14,17.28
29.62,15.86
32.85,16.90
33.61,20.74
34.41,20.00
36.60,20.79
38.03,23.39
38.79,24.83
--,--
39.11,24.99
33.79,22.94
30.89,20.18
30.55,18.21
30.19,19.06
31.01,18.31
31.52,17.89
32.40,20.20
34.58,20.02
35.34,22.67
34.02,22.72
33.84,20.17
36.19,21.30
33.63,21.14
26.43,18.35
26.18,16.95
29.21,15.91
32.48,19.03
32.71,19.76
35.29,20.68
34.98,21.31
36.03,22.17
35.35,22.90
34.79,21.96
36.12,21.47
36.26,21.60
35.84,21.75
36.13,22.49
36.66,23.85
32.32,21.58
29.01,18.63
26.72,15.41
28.68,16.76
30.09,18.73
33.59,19.67
33.13,20.55
36.10,20.39
35.71,22.40
35.38,22.47
34.44,21.88
33.69,21.47
31.37,17.97
30.55,16.40
30.84,16.81
31.92,17.89
29.99,18.50
31.33,18.01
32.02,18.62
32.91,19.44
34.38,20.57
35.43,21.01
34.75,22.90
31.93,19.38
28.91,19.58
29.42,16.83
30.93,16.32
33.17,18.49
35.45,18.67
31.66,18.42
34.75,20.48
35.59,22.29
35.87,21.81
35.40,21.42
36.16,22.34
37.58,24.05
37.68,23.26
39.39,24.03
39.40,23.27
38.02,23.49
34.41,21.79
31.75,21.23
30.90,19.51
32.29,19.65
32.80,19.81
33.17,20.50
32.61,19.90
36.26,21.14
38.75,22.09
40.14,25.14
38.55,25.76
35.84,23.47
35.68,21.08
35.71,21.64
35.42,21.19
32.62,21.05
33.65,18.04
36.42,19.07
38.66,20.45
40.17,25.82
39.60,25.15
36.73,25.21
37.73,24.51
39.41,25.78
40.44,25.83
42.29,27.71
42.26,28.15
42.30,27.50
41.67,30.61
40.92,30.14
40.51,29.17
42.32,27.99
42.60,29.35
42.24,28.83
40.48,26.63
39.60,25.78
38.87,23.93
40.67,22.20
41.40,25.56
41.89,25.84
42.37,25.90
43.19,25.78
42.36,24.65
44.54,25.58
45.61,29.30
43.65,30.90
42.35,29.85
42.42,26.06
44.44,31.37
45.33,28.61
44.86,30.79
44.31,30.75
41.81,29.37
42.95,31.14
42.43,32.06
40.96,29.04
39.38,28.70
40.74,27.81
41.56,28.60
41.41,28.10
41.61,28.16
41.73,27.99
41.78,29.28
43.41,29.14
42.48,30.04
40.61,27.62
42.07,27.06
40.66,25.00
42.71,26.45
41.46,25.58
42.76,28.54
44.14,28.86
43.57,29.99
42.08,30.95
40.68,30.11
40.06,28.61
40.89,29.80
43.99,29.26
44.11,27.72
42.05,30.25
41.09,30.24
42.41,31.23
42.41,29.08
43.33,28.82
41.34,27.71
40.85,28.17
41.09,29.96
39.77,30.09
40.63,29.53
41.72,29.27
39.85,28.42
40.31,27.02
39.06,25.51
41.61,24.27
40.04,23.25
40.72,25.96
40.46,27.59
41.42,30.84
41.77,28.29
42.42,27.60
42.03,26.88
40.36,29.05
38.14,29.87
42.11,28.18
40.28,28.88
41.28,29.48
41.55,27.55
39.87,25.77
40.15,26.75
39.71,29.31
39.00,27.18
36.38,26.15
38.51,27.51
37.47,27.28
38.68,27.07
38.86,27.84
35.33,28.03
39.05,26.74
39.02,27.57
39.27,28.44
39.60,29.08
41.10,28.59
40.95,29.68
33.98,28.79
37.99,27.83
39.95,27.78
37.22,27.24
38.06,27.59
37.26,28.43
38.76,28.08
38.54,29.53
38.29,27.80
38.50,29.23
37.24,30.03
37.84,27.83
31.99,27.07
35.07,26.51
36.29,26.79
37.97,28.20
39.92,27.37
32.31,26.07
35.05,26.31
32.47,25.81
32.37,25.69
33.25,25.47
34.82,25.10
35.10,25.21
34.52,26.20
36.87,26.82
33.89,26.33
37.13,26.73
38.40,26.32
34.24,27.42
33.87,27.24
35.00,26.48
35.78,27.03
36.33,26.76
37.43,26.30
36.57,27.80
39.17,27.33
35.77,26.00
34.48,25.05
33.31,25.80
35.29,26.76
38.14,27.21
37.11,26.31
38.11,27.24
38.90,27.94
39.55,28.08
40.18,28.15
39.49,28.24
39.86,28.94
39.38,27.79
39.43,28.89
38.03,27.03
35.07,26.59
37.23,26.13
32.25,25.43
34.37,25.09
31.74,23.74
34.84,23.84
34.72,25.09
34.95,24.62
36.19,26.18
35.88,24.76
35.35,24.98
35.43,26.05
39.77,26.06
41.16,27.88
41.01,27.35
38.81,26.29
40.81,29.11
39.67,25.70
37.78,26.12
38.10,24.45
39.62,25.19
37.09,24.42
36.33,27.47
33.94,25.52
33.61,25.08
36.61,25.73
38.30,26.79
38.27,27.89
38.85,28.55
38.70,27.26
40.13,29.28
40.98,28.66
40.02,27.08
40.62,27.48
40.89,27.52
37.29,27.95
35.91,26.44
39.03,26.26
38.54,26.08
34.82,27.59
37.84,27.74
40.29,27.91
39.03,29.24
40.82,28.47
40.01,29.04
39.16,26.69
39.39,27.52
41.14,28.94
39.11,29.45
39.41,27.96
40.01,24.72
39.87,26.79
39.83,28.27
40.02,28.28
40.63,27.68
39.19,27.07
39.25,27.52
38.98,28.13
37.27,26.77
35.07,25.25
38.00,27.07
38.36,26.96
37.02,26.69
35.41,24.89
34.15,24.12
34.04,23.66
35.39,23.46
35.69,23.25
35.46,25.11
36.12,24.41
37.02,23.62
37.62,24.74
38.76,26.67
38.06,26.90
36.27,24.60
32.25,22.57
30.65,20.62
31.37,18.71
34.56,19.34
35.04,21.44
34.22,22.63
31.84,21.81
29.12,20.51
28.32,19.13
29.70,18.59
29.94,16.48
31.19,17.74
32.09,17.88
33.16,18.66
29.09,18.94
29.36,19.04
31.09,17.98
28.82,17.89
24.61,15.76
25.96,14.74
29.10,16.08
30.15,16.69
31.08,18.28
28.96,19.35
29.28,18.14
28.20,17.64
29.35,17.54
28.54,17.64
30.18,17.52
30.12,17.55
32.94,18.44
29.39,18.85
28.85,18.88
28.16,17.60
28.92,17.48
30.89,17.99
31.44,18.94
33.78,19.98
34.49,21.96
34.69,23.08
34.53,22.73
36.22,22.86
36.20,23.65
30.05,20.22
29.04,18.01
29.17,18.01
--,--
28.68,17.72
30.25,17.59
31.24,18.56
33.30,18.41
31.90,18.49
34.15,19.82
34.97,21.40
34.75,21.18
35.10,21.24
35.49,21.94
37.29,22.04
37.07,23.29
33.78,19.97
36.08,22.67
40.28,24.60
31.52,21.72
30.12,18.57
32.42,19.45
31.93,18.81
31.02,20.67
30.51,19.11
28.35,17.04
30.13,17.65
27.27,16.57
25.59,14.52
28.40,16.28
30.58,17.72
31.92,18.82
32.82,19.57
33.55,20.16
33.99,21.10
34.41,23.30
36.72,24.67
39.97,25.31
36.62,24.94
32.32,21.62
30.46,19.78
28.45,18.64
28.64,17.88
28.44,16.94
30.33,15.96
32.19,17.15
32.55,17.68
34.61,17.26
38.61,17.87
31.17,20.00
32.21,18.31
32.91,19.39
31.82,18.63
31.28,18.70
32.14,18.89
32.98,19.41
32.59,19.83
33.04,19.73
35.49,20.40
36.20,23.99
35.26,21.40
35.75,21.98
35.34,22.08
32.08,17.60
31.98,18.42
32.52,16.38
33.84,17.71
36.72,19.86
38.61,22.12
40.10,24.09
38.92,25.29
38.86,25.47
36.66,23.67
37.63,23.42
37.44,23.32
34.68,22.56
35.66,20.83
38.20,19.80
40.56,21.82
42.19,25.30
42.05,27.01
42.27,26.81
40.50,26.65
37.08,27.14
36.44,24.81
38.00,26.22
39.73,25.57
38.67,27.56
34.60,24.04
34.72,23.60
35.66,21.71
37.90,23.64
37.91,24.84
39.49,24.55
39.68,25.45
40.25,25.80
35.39,23.87
32.75,21.12
31.93,20.11
33.82,19.27
36.70,20.41
39.34,21.96
39.25,22.14
42.15,22.72
40.60,25.48
39.77,25.58
39.33,25.15
40.37,24.71
41.56,27.18
42.11,27.05
43.44,26.00
44.38,26.13
43.81,27.58
43.47,32.25
42.27,30.79
42.24,29.53
41.61,28.15
40.63,26.54
41.58,27.16
41.66,27.64
42.29,27.47
42.45,25.41
43.30,26.09
44.97,26.95
43.05,27.94
44.42,29.75
42.76,31.63
42.60,29.94
41.09,29.88
40.27,27.54
43.56,28.39
43.69,28.86
42.88,32.59
40.76,27.58
36.77,24.52
38.91,23.42
40.87,25.27
42.97,27.07
42.64,27.05
42.96,27.01
43.55,27.65
40.63,29.63
39.10,28.01
40.95,25.73
42.44,26.28
45.15,27.57
45.35,29.52
45.48,32.27
45.31,29.08
41.65,29.93
41.97,30.34
39.96,30.14
40.91,29.30
40.56,29.66
41.82,29.29
42.65,30.62
42.09,27.77
43.53,29.10
42.37,29.05
42.74,31.08
40.76,29.10
39.16,28.72
40.23,28.73
42.11,30.07
43.00,30.67
42.01,29.03
43.87,29.44
43.77,30.32
44.38,30.08
44.08,28.76
41.04,28.94
41.50,28.32
36.34,29.03
38.23,26.93
40.68,26.84
43.89,29.35
41.80,28.02
41.97,30.64
43.80,29.89
42.22,27.45
39.78,29.68
42.73,29.23
39.86,29.06
41.45,28.89
41.56,29.24
41.01,30.74
42.45,29.78
41.24,29.74
41.40,29.33
36.05,27.88
37.03,27.26
36.96,26.52
36.26,27.63
40.58,28.18
35.71,27.24
37.86,27.07
39.18,27.94
37.65,28.31
34.68,26.05
34.54,26.42
34.52,26.55
36.02,26.69
35.65,26.91
36.11,27.18
38.18,27.43
39.46,28.56
38.83,27.47
34.94,26.35
37.01,27.18
36.60,25.89
37.47,26.07
35.19,26.15
35.73,26.23
37.16,26.94
33.29,26.47
38.87,26.86
37.40,25.02
36.90,24.64
36.97,25.04
35.83,24.88
36.24,25.06
33.83,24.54
35.89,24.01
33.56,23.93
34.89,24.04
36.43,23.86
38.59,24.47
38.60,26.15
37.18,25.23
38.66,23.97
40.13,25.85
34.76,24.81
35.31,24.96
35.46,26.63
35.05,25.22
34.83,25.11
34.68,26.35
37.18,25.81
36.07,24.63
36.19,24.44
36.21,24.31
39.63,25.62
39.98,26.83
36.30,25.82
37.59,27.23
37.73,25.62
36.83,24.50
38.36,26.36
36.89,25.73
38.04,25.96
38.71,25.97
40.11,26.59
39.39,25.52
36.66,26.51
37.79,27.25
39.21,27.95
39.51,27.00
36.26,26.58
35.38,25.22
35.44,25.03
38.33,26.43
37.88,26.35
37.06,26.19
36.69,26.12
38.73,25.69
39.62,27.46
39.49,25.78
39.07,25.83
40.58,28.13
40.69,27.57
39.79,28.38
40.18,27.39
38.73,26.63
39.32,28.31
39.57,28.48
39.41,27.06
39.80,26.39
38.79,28.85
38.35,27.71
39.92,26.78
39.97,28.49
39.20,27.60
39.76,28.38
41.07,29.01
41.00,29.12
41.36,29.40
41.46,29.67
41.32,28.69
42.15,27.38
40.92,28.96
40.82,27.53
38.96,27.29
37.79,26.36
39.70,27.24
41.11,27.07
40.63,27.96
40.72,30.03
40.66,27.28
39.51,29.33
38.42,27.54
38.93,26.45
40.19,27.75
40.80,29.64
39.82,27.57
39.49,27.39
39.85,27.72
39.18,28.55
38.65,28.15
37.15,25.96
33.87,22.36
34.94,20.99
36.33,20.75
39.16,24.45
40.47,29.00
39.55,26.57
38.67,26.56
36.37,24.03
35.38,23.28
34.65,21.56
34.80,21.81
36.67,22.47
35.91,21.61
37.83,22.54
38.72,25.59
36.91,25.44
34.93,22.13
35.19,21.09
35.76,22.22
35.80,22.47
34.55,22.08
32.20,20.94
30.93,18.80
30.89,17.63
31.40,16.96
32.40,17.39
33.35,18.76
32.72,18.84
32.84,18.40
33.41,17.66
35.08,19.36
35.99,21.06
36.00,20.92
35.09,21.34
36.05,21.20
36.32,23.35
35.76,22.93
34.56,22.70
32.35,19.75
30.12,18.21
28.47,16.00
29.88,15.68
32.02,17.54
31.36,18.09
31.14,18.38
29.93,17.76
29.47,16.48
31.01,16.90
30.09,17.14
30.60,16.57
31.58,16.72
30.41,19.41
28.51,17.41
28.83,15.90
28.55,15.53
28.72,15.50
28.51,15.79
29.44,15.75
30.69,17.16
30.35,16.61
--,--
30.63,15.39
30.75,15.55
31.30,16.01
31.18,15.90
31.34,16.05
29.93,17.23
29.83,16.04
30.35,14.57
31.34,15.90
32.02,17.68
28.55,16.43
29.34,13.99
30.28,14.28
31.51,15.78
32.78,15.82
30.15,17.38
26.60,14.02
27.69,13.85
29.07,14.71
30.94,15.85
31.99,17.00
34.34,16.81
33.85,19.51
32.17,20.01
31.18,17.69
31.11,15.57
32.82,16.26
33.47,19.70
34.90,20.82
35.79,21.37
36.95,21.39
38.44,23.00
36.51,23.60
32.80,20.03
29.49,17.86
30.65,15.57
33.37,16.55
35.90,17.00
40.00,21.32
39.16,24.03
35.77,22.88
32.08,19.42
32.34,16.98
34.16,17.92
34.24,18.48
34.15,20.55
31.38,18.56
30.62,15.46
35.46,15.73
36.46,19.93
33.76,20.51
32.20,19.45
32.78,18.20
35.02,16.88
37.25,19.80
36.56,22.09
35.43,21.14
34.80,20.17
37.05,20.30
39.39,22.72
40.81,23.72
40.66,25.38
38.02,24.08
37.61,22.81
39.19,23.16
39.90,23.51
35.81,23.09
35.68,19.78
35.54,20.04
37.65,20.79
39.29,21.53
40.59,24.43
40.96,25.85
41.23,24.55
42.10,25.58
42.50,26.25
43.10,24.34
43.66,26.78
42.61,25.72
42.47,27.35
40.94,25.90
39.58,27.39
37.40,25.57
34.13,23.03
33.48,22.59
32.88,19.12
32.75,18.27
35.93,19.73
37.90,20.81
39.58,22.04
40.11,23.40
40.11,24.52
39.34,24.64
39.13,25.79
39.25,25.18
39.13,23.46
39.62,22.48
40.06,21.95
41.60,22.13
41.80,23.06
42.03,23.91
43.26,22.18
42.45,27.73
38.43,25.83
36.53,25.02
37.29,22.36
37.69,21.92
40.39,21.57
40.29,24.31
40.21,25.54
41.46,26.21
42.93,26.92
42.97,28.73
40.70,28.04
39.20,27.70
40.10,27.14
41.08,26.90
41.10,26.80
40.95,25.03
41.56,23.70
42.51,23.75
42.46,30.18
43.99,30.13
42.87,31.96
43.43,30.68
44.37,29.68
42.85,31.04
40.14,30.46
41.87,27.96
40.20,26.95
39.65,24.44
41.02,25.70
42.87,28.27
43.56,28.99
43.91,28.58
44.23,29.00
39.52,28.76
37.11,28.60
38.76,27.99
40.36,28.59
39.10,28.53
38.13,28.17
41.09,26.49
41.68,26.57
41.54,25.66
41.64,27.64
43.26,28.47
43.39,27.56
40.28,29.34
38.96,27.39
35.98,27.66
41.11,28.80
37.80,28.48
40.78,27.30
43.01,25.75
41.30,29.50
40.76,26.53
39.84,26.11
39.53,26.02
39.29,28.42
41.37,29.44
40.78,28.47
39.63,29.03
40.93,29.16
42.37,28.55
42.13,26.60
40.92,25.56
40.95,24.54
41.18,25.25
40.54,26.40
41.58,28.88
42.32,29.32
42.73,28.83
41.09,29.77
39.34,29.03
37.47,27.89
37.85,27.02
37.89,26.41
39.48,27.07
41.44,28.99
41.99,28.37
41.09,28.29
43.70,27.88
42.51,28.47
42.41,27.08
41.67,27.25
43.83,28.35
41.73,29.78
39.70,29.88
39.54,27.66
40.73,28.86
40.23,30.51
37.76,28.15
37.34,27.10
38.82,27.76
37.33,27.36
40.61,27.66
40.66,26.93
40.98,27.99
39.30,28.11
38.05,27.60
37.61,27.03
38.03,27.02
37.27,27.06
39.33,27.35
38.52,26.97
38.99,25.98
37.37,26.31
34.94,25.61
36.07,26.60
37.55,26.67
35.53,26.54
36.16,25.95
39.82,26.61
41.77,27.82
40.00,28.81
41.87,27.98
39.29,28.75
36.77,27.51
38.44,26.54
37.78,26.80
37.18,26.33
33.87,26.17
35.71,25.22
35.85,25.06
36.49,26.30
36.27,26.32
38.37,26.64
38.56,25.53
37.07,26.98
38.49,27.24
37.51,28.11
39.73,26.90
40.33,27.99
40.50,26.25
34.79,27.02
35.79,26.06
36.31,26.48
39.43,26.57
36.80,27.03
35.29,25.72
37.82,26.35
37.15,26.01
35.13,26.59
35.66,26.71
32.87,26.00
35.53,25.75
35.52,26.93
34.75,26.35
37.46,26.67
39.97,26.95
41.17,29.19
39.11,28.28
38.99,27.09
39.35,27.46
36.41,26.70
35.67,26.05
38.44,26.15
41.23,28.08
41.80,28.90
41.40,29.60
40.09,27.16
36.21,26.82
37.61,25.98
38.87,28.09
40.52,27.42
40.52,28.63
38.44,27.61
35.90,26.50
35.05,25.61
36.06,25.84
39.03,26.94
40.25,28.32
42.74,27.72
39.88,27.68
40.56,28.66
40.18,28.05
41.87,28.45
39.05,28.00
35.73,26.95
35.52,27.05
36.03,26.03
37.32,27.04
39.45,27.05
37.83,25.60
39.56,26.98
42.61,29.40
43.43,29.14
41.08,30.84
41.55,29.25
40.73,27.94
42.12,29.47
43.03,29.99
42.05,29.47
41.04,27.29
40.35,30.71
41.45,29.79
41.49,29.48
40.55,30.02
40.02,28.86
38.08,26.84
36.72,24.27
34.42,22.46
34.34,22.67
35.28,22.50
35.27,22.50
35.67,22.53
35.95,22.05
35.25,23.02
34.65,22.87
33.14,19.65
33.73,20.03
35.46,21.42
37.09,23.33
38.53,23.85
38.39,26.01
38.36,25.71
34.09,23.24
33.86,21.74
33.13,21.27
33.36,21.64
29.62,22.27
32.79,20.02
33.06,21.48
32.73,18.76
33.46,21.35
33.23,22.05
33.60,21.29
34.12,22.70
34.31,20.56
34.37,20.47
33.44,20.48
32.55,21.00
32.23,21.11
35.15,20.70
35.57,22.39
35.82,22.08
35.88,19.50
34.49,19.55
34.02,20.47
33.36,19.37
33.08,20.73
34.66,19.23
33.05,20.68
32.09,20.08
33.98,21.17
33.74,21.39
32.65,20.81
31.79,21.06
32.22,21.30
33.01,20.71
31.98,18.67
32.32,17.94
33.89,19.61
33.37,19.45
33.51,20.13
32.12,20.25
31.66,19.19
31.82,18.90
32.71,18.43
34.83,21.00
35.91,20.49
38.03,21.24
32.72,19.77
31.89,15.66
33.58,18.51
32.50,18.37
32.93,20.43
32.54,21.61
31.76,19.58
31.88,19.42
31.90,19.54
32.61,18.89
33.00,21.01
33.55,21.30
33.94,20.76
34.48,20.31
36.43,20.39
37.43,22.63
38.10,23.08
33.49,22.64
28.49,17.64
26.40,14.58
28.39,13.86
28.82,16.04
26.14,15.27
22.24,12.61
22.90,10.99
23.99,12.09
23.67,11.54
23.26,10.75
25.55,10.95
28.09,12.47
29.73,14.55
29.30,15.62
27.17,15.20
25.18,13.95
28.96,16.70
28.71,17.02
29.02,18.06
29.62,18.17
29.13,17.52
29.34,15.87
30.75,16.70
30.82,17.94
31.48,18.80
28.89,16.95
28.17,15.54
28.91,15.28
30.11,17.14
29.91,18.22
29.96,17.19
32.85,17.96
35.48,20.70
34.00,21.37
34.07,19.52
31.93,20.01
30.77,19.17
29.27,17.93
28.60,18.02
30.10,16.67
32.48,19.55
33.34,19.39
32.31,19.36
33.14,18.16
34.57,20.35
37.04,20.51
34.17,22.62
33.25,22.07
33.29,20.21
33.29,19.94
34.59,20.97
36.59,22.86
36.41,23.53
37.88,23.06
40.32,26.20
42.27,27.65
42.26,29.95
40.49,27.99
36.60,25.09
34.22,22.22
34.60,21.52
33.78,21.58
34.19,21.44
35.65,20.71
38.98,21.20
40.51,24.47
39.48,25.43
36.02,24.98
34.98,21.38
38.82,20.60
40.99,21.33
44.73,23.56
35.45,23.98
36.20,22.13
37.01,21.66
40.42,22.15
42.81,23.95
43.26,27.86
43.36,25.93
38.74,26.00
35.18,23.29
36.33,22.13
38.51,23.25
38.66,22.91
38.16,22.25
39.21,24.25
40.88,25.19
42.80,27.31
44.00,28.42
43.07,27.66
43.98,26.23
42.88,27.98
43.48,30.40
42.95,30.79
40.79,27.35
40.11,24.97
41.95,23.54
43.25,26.97
44.01,25.99
42.83,25.64
42.89,24.38
43.36,26.59
43.28,29.85
42.57,31.29
43.29,28.81
42.04,27.23
42.70,28.67
43.23,28.35
43.92,30.03
40.60,30.29
39.16,28.16
39.12,26.31
39.45,26.49
41.20,24.55
42.13,25.48
41.84,26.09
42.52,25.59
38.52,26.95
39.58,26.79
39.48,27.68
40.77,27.17
41.99,27.37
42.58,28.28
42.10,27.22
42.21,29.51
42.36,29.28
43.35,27.91
43.15,27.76
43.36,26.47
42.79,25.66
42.47,28.94
44.08,28.83
44.26,29.44
43.28,28.70
42.68,30.29
43.11,29.49
40.23,27.66
39.48,27.47
42.62,30.06
42.03,29.31
40.61,28.37
40.79,24.92
40.01,26.54
40.05,28.73
42.15,30.26
42.54,31.45
40.65,29.81
40.58,30.40
44.16,29.23
39.17,26.99
40.17,28.98
42.90,27.04
40.91,28.32
37.47,28.62
37.78,28.18
38.69,27.77
39.74,27.60
40.57,26.49
41.01,27.82
39.92,27.63
39.67,28.41
39.68,27.04
39.45,27.11
42.12,27.04
41.54,27.89
40.85,30.12
36.58,29.48
37.98,28.48
37.15,28.15
33.97,27.18
35.37,26.45
37.79,27.09
36.09,27.61
37.25,26.57
37.33,26.84
38.33,27.75
38.23,28.38
39.93,28.70
37.34,27.41
33.52,26.64
34.85,25.86
35.80,26.72
37.32,27.40
34.66,27.01
36.54,27.69
35.92,26.80
37.08,26.18
37.55,27.79
39.42,27.84
41.65,29.64
42.45,29.64
41.28,30.33
39.63,29.22
43.62,28.65
43.13,31.55
43.58,31.48
44.72,30.08
40.91,28.24
42.45,28.03
36.52,27.81
37.33,26.99
37.96,27.45
38.64,27.65
35.41,27.36
36.44,26.65
38.07,27.00
32.85,27.58
34.90,26.15
38.25,25.65
38.23,27.19
34.03,26.58
34.39,26.80
37.65,26.85
37.14,26.22
35.99,26.46
35.91,25.75
36.07,26.61
39.60,28.35
40.22,27.53
40.19,28.33
40.34,29.26
42.01,28.41
40.28,28.50
38.52,27.42
37.31,27.60
37.51,26.78
39.38,27.53
41.42,28.20
41.30,27.20
41.98,28.12
41.70,26.81
40.53,26.86
41.10,27.12
40.23,25.75
41.91,26.34
41.99,30.42
41.22,29.39
41.95,30.01
39.32,27.58
38.40,26.76
36.48,26.92
37.67,26.50
37.63,25.90
42.22,27.97
44.35,30.32
42.10,28.28
43.36,28.88
40.46,27.59
41.60,29.13
41.72,28.45
42.49,30.26
43.38,30.48
44.08,30.78
44.05,29.25
42.29,28.86
40.60,28.81
42.07,30.99
40.85,29.04
43.50,29.00
40.25,29.22
41.20,31.26
42.31,28.33
42.64,29.22
42.85,28.67
42.66,27.92
37.00,27.12
39.23,28.07
41.23,29.23
41.31,27.86
40.47,28.11
41.83,29.65
42.26,30.64
42.25,28.75
41.50,30.76
39.78,29.08
38.95,27.99
38.39,26.82
39.61,28.09
39.70,27.63
38.33,28.31
38.68,28.55
38.40,27.67
37.87,24.91
37.16,23.43
37.18,23.15
38.24,24.09
38.74,25.25
39.55,29.16
39.80,30.80
38.90,29.40
40.29,28.88
39.46,28.65
38.12,26.84
38.36,27.41
36.78,25.29
36.59,25.44
36.62,26.96
35.96,23.26
34.83,20.69
34.78,20.61
34.79,22.72
35.52,22.59
35.75,25.79
36.34,23.70
35.36,21.61
35.55,18.43
34.94,21.85
36.79,20.40
34.83,22.36
35.37,22.93
35.05,21.95
35.65,21.63
34.29,20.58
34.14,19.04
33.71,20.00
33.18,19.68
33.69,21.25
35.16,19.44
33.54,20.91
33.97,20.55
34.12,20.19
33.38,19.77
35.09,20.31
33.15,20.95
32.68,19.76
34.90,21.13
35.51,19.67
33.34,20.07
31.37,18.34
31.57,17.97
33.39,17.57
29.52,18.79
30.41,17.46
33.69,18.80
32.11,18.93
29.79,18.44
31.38,17.27
31.15,18.38
30.99,16.24
31.93,17.14
32.10,18.31
32.50,18.33
32.74,19.22
33.30,19.17
33.92,19.22
34.04,19.50
31.29,20.75
30.81,19.53
31.34,19.90
30.57,19.38
